9.917999999999986827e+00 1.000000000000000000e+01 1.516407423539333887e+00 1.069795618958655936e+00
9.808000000000005159e+00 1.000000000000000000e+01 9.808694771119451650e-01 9.347980970242278920e-01
1.019599999999999973e+01 1.000000000000000000e+01 9.207691180527107777e-01 9.121328142675058093e-01
1.002999999999999581e+01 1.000000000000000000e+01 9.082653512950886743e-01 9.056459924385797944e-01
9.877999999999994785e+00 1.000000000000000000e+01 9.041371542835194841e-01 9.030936867747634267e-01
1.006999999999999140e+01 1.000000000000000000e+01 9.023863146186547057e-01 9.018893755988832694e-01
9.926000000000000156e+00 1.000000000000000000e+01 9.015320922876817189e-01 9.012041569672768482e-01
1.075600000000001444e+01 1.449999999999999822e+01 9.009862932801534496e-01 9.007779661383364944e-01
1.199800000000000644e+01 1.351999999999999957e+01 9.006474028599738002e-01 9.004781870410162314e-01
1.133400000000000496e+01 1.063999999999999879e+01 9.003970889284527157e-01 9.002193754374553381e-01
1.136199999999999299e+01 1.125999999999999979e+01 9.001331837438928396e-01 8.999840539438600517e-01
1.222600000000000442e+01 1.317999999999999972e+01 8.999044804785366614e-01 8.997105281118541464e-01
1.388400000000001455e+01 1.436999999999999922e+01 8.995958204114421486e-01 8.993816734399330270e-01
1.495799999999999841e+01 1.757000000000000028e+01 8.992487168406985143e-01 8.989445038132842791e-01
1.674599999999995248e+01 1.748999999999999844e+01 8.987372965418711779e-01 8.983372214708666981e-01
1.739999999999996305e+01 1.880999999999999872e+01 8.980942477920097478e-01 8.975556051069801811e-01
1.757599999999997920e+01 1.739000000000000057e+01 8.971163638814088070e-01 8.964538418136324127e-01
1.727199999999996294e+01 1.698000000000000043e+01 8.958555183814115308e-01 8.950040790946052205e-01
1.719399999999999196e+01 1.701999999999999957e+01 8.943081935894803269e-01 8.932007004025530605e-01
1.700199999999994915e+01 1.617000000000000171e+01 8.923246168523735200e-01 8.910112398526994770e-01
1.646799999999997510e+01 1.623999999999999844e+01 8.900337490113818806e-01 8.885811981495645995e-01
1.667199999999998283e+01 1.889000000000000057e+01 8.875938189958876290e-01 8.860117392800742619e-01
1.747599999999994225e+01 1.759999999999999787e+01 8.851813229023192120e-01 8.835339737958888273e-01
1.661599999999993571e+01 1.680999999999999872e+01 8.828177966526503662e-01 8.811404579007882099e-01
1.802999999999995850e+01 1.794000000000000128e+01 8.803315418665667025e-01 8.789012246614824608e-01
1.683999999999995367e+01 1.680999999999999872e+01 8.786483866317591485e-01 8.769538228624738085e-01
1.666599999999995774e+01 1.728000000000000114e+01 8.767863314674438913e-01 8.751456397510414265e-01
1.697399999999994691e+01 1.832999999999999829e+01 8.746371572474593847e-01 8.734767339481517290e-01
1.806599999999997408e+01 1.866000000000000014e+01 8.735914423796213857e-01 8.719416951970994090e-01
1.853799999999994341e+01 1.887999999999999901e+01 8.716291444246938580e-01 8.704679244540574068e-01
1.869399999999995288e+01 1.841000000000000014e+01 8.700482980652577414e-01 8.690610435702448289e-01
1.827999999999995850e+01 1.824000000000000199e+01 8.682681412360748752e-01 8.676373244582379352e-01
1.844399999999995643e+01 1.917999999999999972e+01 8.671458463264336558e-01 8.663305141951000987e-01
1.938199999999995171e+01 1.928000000000000114e+01 8.656008150913631072e-01 8.649824459517400088e-01
1.964399999999992730e+01 2.030000000000000071e+01 8.650299878177035717e-01 8.637305183769340422e-01
2.037800000000000011e+01 2.127999999999999758e+01 8.632338626671962611e-01 8.624652037801104898e-01
2.106400000000001071e+01 2.148000000000000043e+01 8.625497810961756384e-01 8.612507304277480236e-01
2.130399999999994876e+01 2.125000000000000000e+01 8.606763960398929880e-01 8.600281732805369339e-01
2.149799999999997979e+01 2.152999999999999758e+01 8.605838297247612179e-01 8.588510467018717343e-01
2.142799999999998306e+01 2.194999999999999929e+01 8.585188132233035896e-01 8.576352941234132166e-01
2.181999999999994699e+01 2.225000000000000000e+01 8.579182526556270449e-01 8.564472192924175165e-01
2.226199999999993651e+01 2.273999999999999844e+01 8.565258224938420151e-01 8.552277395045355668e-01
2.293399999999998684e+01 2.321000000000000085e+01 8.546424059152428754e-01 8.539753152406704961e-01
2.317799999999997240e+01 2.366999999999999815e+01 8.539195775372733221e-01 8.527293433398300815e-01
2.352599999999998204e+01 2.417999999999999972e+01 8.525256431134122792e-01 8.514824698218564913e-01
2.372399999999998599e+01 2.467000000000000171e+01 8.508252392597196456e-01 8.502341624034061018e-01
2.420599999999998886e+01 2.503000000000000114e+01 8.501044964861039777e-01 8.489872575290826617e-01
2.438599999999997081e+01 2.521999999999999886e+01 8.491135758664084543e-01 8.477634319657403328e-01
2.448199999999998511e+01 2.577999999999999758e+01 8.482688136382890987e-01 8.465404091325191560e-01
2.488999999999998991e+01 2.610000000000000142e+01 8.464894953731659788e-01 8.453195998637638153e-01
2.508999999999999275e+01 2.630000000000000071e+01 8.451935382011442899e-01 8.440953086603645295e-01
2.535999999999996390e+01 2.640000000000000213e+01 8.441492382084911927e-01 8.429250208065548478e-01
2.574799999999999045e+01 2.645000000000000284e+01 8.427682702633102485e-01 8.417808522335231691e-01
2.586200000000000898e+01 2.649000000000000199e+01 8.414112264023904109e-01 8.406630987185944592e-01
2.559400000000000119e+01 2.700000000000000000e+01 8.419372994245335473e-01 8.396508909579569746e-01
2.600000000000001066e+01 2.685999999999999943e+01 8.399479616654423886e-01 8.386562027703388100e-01
2.641199999999999903e+01 2.691000000000000014e+01 8.387672330527420339e-01 8.376236735344922968e-01
2.631200000000000117e+01 2.691999999999999815e+01 8.374728617039312040e-01 8.366874936970554177e-01
2.660200000000003229e+01 2.691999999999999815e+01 8.360933042045050057e-01 8.357425058325461675e-01
2.657800000000001361e+01 2.700000000000000000e+01 8.357648405910917955e-01 8.349005440283461255e-01
2.657600000000002893e+01 2.710999999999999943e+01 8.347250771933185653e-01 8.340939961339914888e-01
2.637200000000000699e+01 2.741000000000000014e+01 8.339779791914677665e-01 8.333764459700614413e-01
2.725800000000002044e+01 2.771000000000000085e+01 8.324257617808298315e-01 8.325741702845305126e-01
2.725400000000005463e+01 2.780000000000000426e+01 8.327035138474584430e-01 8.318785809402041709e-01
2.731600000000000250e+01 2.777999999999999758e+01 8.317912602151544821e-01 8.311174884406853369e-01
2.738999999999999702e+01 2.783999999999999631e+01 8.306037931223745341e-01 8.304335516318337440e-01
2.749799999999997624e+01 2.798000000000000043e+01 8.310101022091112011e-01 8.297438360253767131e-01
2.756800000000000139e+01 2.778999999999999915e+01 8.306224908747027458e-01 8.290764784291931866e-01
2.766999999999998749e+01 2.805000000000000426e+01 8.297214169102595793e-01 8.284850040218628697e-01
2.780600000000001870e+01 2.810000000000000142e+01 8.287352086119982308e-01 8.278284443281994642e-01
2.817599999999998772e+01 2.810000000000000142e+01 8.265557054393896097e-01 8.271474366082173235e-01
2.838199999999999434e+01 2.810000000000000142e+01 8.260588874040195595e-01 8.265501768434929675e-01
2.808399999999999253e+01 2.831000000000000227e+01 8.263592557929856364e-01 8.260147404801239102e-01
2.808000000000003027e+01 2.861000000000000298e+01 8.272199894214185001e-01 8.254934989907760645e-01
2.839800000000002811e+01 2.849999999999999645e+01 8.251372548282038810e-01 8.247889126287422101e-01
2.872200000000001907e+01 2.867999999999999972e+01 8.236676678678555019e-01 8.242189367564158875e-01
2.848800000000003152e+01 2.867999999999999972e+01 8.238440725982359991e-01 8.237098670349103369e-01
2.877399999999997959e+01 2.872000000000000242e+01 8.225810196956052645e-01 8.231228733371058759e-01
2.867800000000005767e+01 2.882999999999999829e+01 8.226168831709022022e-01 8.225564641915450448e-01
2.891400000000005477e+01 2.906000000000000227e+01 8.231027034547051535e-01 8.220332383607265037e-01
2.898399999999994492e+01 2.912999999999999901e+01 8.214963911076658132e-01 8.215204043672216239e-01
2.927400000000000091e+01 2.927000000000000313e+01 8.205682198359376400e-01 8.209978879629407089e-01
2.934199999999997743e+01 2.942000000000000171e+01 8.192177905091094781e-01 8.204570786251664805e-01
2.928800000000002868e+01 2.958000000000000185e+01 8.198256237397446577e-01 8.199211353017316073e-01
2.930599999999998317e+01 2.967000000000000171e+01 8.199850565720490092e-01 8.193806836881134537e-01
2.949999999999998934e+01 2.983000000000000185e+01 8.193419301741394767e-01 8.189394461179765328e-01
2.952799999999999159e+01 2.994999999999999929e+01 8.186205399869733723e-01 8.184431395150318922e-01
3.001400000000001356e+01 3.004999999999999716e+01 8.176639319538256956e-01 8.180091938319540290e-01
3.016999999999996263e+01 3.002000000000000313e+01 8.158748470249232998e-01 8.174825018201178350e-01
2.993199999999997729e+01 3.009999999999999787e+01 8.170500648948749722e-01 8.169868914308410224e-01
3.003399999999999181e+01 3.019999999999999929e+01 8.160308645821751083e-01 8.165458716128316530e-01
3.010399999999998855e+01 3.037000000000000099e+01 8.161776178066250109e-01 8.160939335153292173e-01
3.033999999999995367e+01 3.045999999999999730e+01 8.155733175781747502e-01 8.155978756444441924e-01
3.051799999999996160e+01 3.052000000000000313e+01 8.147669860704503941e-01 8.150868715758364802e-01
3.051600000000001955e+01 3.057000000000000384e+01 8.150558735172924729e-01 8.145691385096750503e-01
3.037199999999997502e+01 3.069999999999999929e+01 8.144686916995513837e-01 8.141076182811928241e-01
3.036199999999994859e+01 3.089000000000000057e+01 8.134103297177635028e-01 8.137702939177624550e-01
3.091599999999998616e+01 3.083000000000000185e+01 8.128994017588905274e-01 8.132696938978928314e-01
3.087000000000000455e+01 3.101999999999999602e+01 8.117789721532070457e-01 8.128154281783149804e-01
3.093599999999999639e+01 3.108999999999999986e+01 8.121730370363103857e-01 8.123973882852465467e-01
3.117999999999998550e+01 3.126999999999999602e+01 8.110675081791458574e-01 8.120100972076342849e-01
3.115999999999993619e+01 3.139000000000000057e+01 8.109967980699871459e-01 8.115054853403770307e-01
3.146999999999997044e+01 3.141999999999999815e+01 8.099183648093799537e-01 8.110583099160436626e-01
3.131199999999996919e+01 3.141999999999999815e+01 8.088109522623665448e-01 8.105287662091140710e-01
3.138199999999996948e+01 3.149000000000000199e+01 8.093596112687890809e-01 8.101103376073389706e-01
3.135599999999994836e+01 3.153000000000000114e+01 8.096775851015297620e-01 8.096740570743009568e-01
3.139399999999999125e+01 3.150999999999999801e+01 8.082481241529733129e-01 8.092300240962194691e-01
3.150399999999998712e+01 3.160000000000000142e+01 8.083966799134172376e-01 8.087817214099063401e-01
3.178799999999989012e+01 3.166999999999999815e+01 8.068589045996170661e-01 8.082723854361530957e-01
3.172199999999998710e+01 3.173000000000000398e+01 8.078736743714973745e-01 8.078456086873702091e-01
3.174799999999996558e+01 3.181999999999999673e+01 8.066307316458445342e-01 8.074135715819708015e-01
3.164799999999997837e+01 3.183000000000000185e+01 8.067025870909951824e-01 8.070211800853288597e-01
3.179399999999995075e+01 3.197999999999999687e+01 8.058301274029100458e-01 8.066195660717760951e-01
3.189399999999999835e+01 3.225000000000000000e+01 8.057555153517929059e-01 8.060963165572742062e-01
3.207599999999992235e+01 3.225000000000000000e+01 8.047941537835525683e-01 8.055962170864874317e-01
3.210999999999996390e+01 3.232000000000000028e+01 8.045948596857327439e-01 8.051803104821604329e-01
3.214399999999999125e+01 3.231000000000000227e+01 8.049204978017068246e-01 8.047582952758830510e-01
3.264399999999995572e+01 3.253000000000000114e+01 8.032541890738914558e-01 8.043106694743945573e-01
3.218000000000004945e+01 3.253999999999999915e+01 8.035599541452805861e-01 8.038496013054773348e-01
3.252000000000000313e+01 3.267000000000000171e+01 8.026169220487884282e-01 8.033875973148325578e-01
3.272199999999994446e+01 3.287999999999999545e+01 8.029037226311483977e-01 8.029580994031028096e-01
3.258399999999993923e+01 3.286999999999999744e+01 8.018661462549557806e-01 8.025115344814456320e-01
3.296399999999994890e+01 3.278999999999999915e+01 7.999318346866221008e-01 8.020664570219836476e-01
3.285599999999990928e+01 3.284000000000000341e+01 8.010061469863388739e-01 8.016152427416403103e-01
3.285199999999991149e+01 3.282999999999999829e+01 8.010043386595044890e-01 8.011821256713687056e-01
3.293199999999995953e+01 3.297999999999999687e+01 8.009711186695348539e-01 8.008054547321458161e-01
3.305399999999995941e+01 3.300999999999999801e+01 8.002491207095435710e-01 8.003626780279051722e-01
3.308200000000000074e+01 3.301999999999999602e+01 7.993619319110264465e-01 7.999659371360510196e-01
3.305999999999991701e+01 3.309000000000000341e+01 8.002586404594598246e-01 7.995734714949325195e-01
3.351399999999998869e+01 3.307999999999999829e+01 7.977948975372496365e-01 7.991121628221442563e-01
3.337999999999992440e+01 3.317999999999999972e+01 7.980396398681326442e-01 7.986201012310184533e-01
3.334399999999997277e+01 3.339000000000000057e+01 7.978594581572204802e-01 7.982172640145066556e-01
3.337599999999995504e+01 3.350999999999999801e+01 7.976769207522180771e-01 7.977711674822909327e-01
3.345199999999995555e+01 3.358999999999999631e+01 7.964713517172712365e-01 7.973956879235153394e-01
3.375599999999996470e+01 3.358999999999999631e+01 7.960796065731167159e-01 7.969518077016335411e-01
3.336199999999996635e+01 3.364000000000000057e+01 7.962569545147787364e-01 7.965546769550093664e-01
3.364399999999990598e+01 3.391000000000000369e+01 7.960992815205452100e-01 7.961278914941688489e-01
3.389799999999994640e+01 3.382000000000000028e+01 7.951407004471789941e-01 7.957454001817249045e-01
3.357199999999992457e+01 3.396999999999999886e+01 7.949502618673998100e-01 7.953625501018752875e-01
3.404799999999993076e+01 3.405000000000000426e+01 7.932709157746551387e-01 7.949180593075481083e-01
3.408799999999995833e+01 3.420000000000000284e+01 7.935111233132621233e-01 7.945303572775237466e-01
3.386399999999992616e+01 3.426000000000000512e+01 7.937917065872533984e-01 7.940986571952951545e-01
3.379399999999991877e+01 3.422999999999999687e+01 7.942829848324720610e-01 7.937546939635280463e-01
3.394799999999991513e+01 3.426000000000000512e+01 7.937964842298124157e-01 7.933765268654098257e-01
3.418199999999993111e+01 3.428999999999999915e+01 7.933362323579211672e-01 7.929339804705930472e-01
3.419999999999998153e+01 3.438000000000000256e+01 7.928590743034370503e-01 7.925620600180509623e-01
3.376399999999992474e+01 3.433999999999999631e+01 7.923631354434962359e-01 7.921963402866067927e-01
3.427799999999993474e+01 3.438000000000000256e+01 7.918756827131103737e-01 7.917763385900515871e-01
3.485799999999992593e+01 3.443999999999999773e+01 7.888414978158869717e-01 7.912492412334539704e-01
3.441599999999993997e+01 3.447999999999999687e+01 7.896903588878302349e-01 7.909028124035463181e-01
3.493199999999988847e+01 3.452000000000000313e+01 7.879963153892536321e-01 7.904407322690404358e-01
3.455199999999991434e+01 3.453999999999999915e+01 7.895467165797563913e-01 7.900952852260314518e-01
3.434399999999990882e+01 3.460999999999999943e+01 7.910516777079718009e-01 7.897579766158753234e-01
3.491199999999992087e+01 3.461999999999999744e+01 7.881359071175075837e-01 7.893522437501677702e-01
3.452599999999990388e+01 3.456000000000000227e+01 7.890696326920523251e-01 7.890179266743582165e-01
3.487399999999998812e+01 3.461999999999999744e+01 7.878684448710617794e-01 7.887492139720534423e-01
3.478999999999992809e+01 3.464999999999999858e+01 7.879137416717597597e-01 7.884194137288177417e-01
3.461799999999988842e+01 3.481000000000000227e+01 7.877108645551021970e-01 7.880985536628193344e-01
3.528999999999997783e+01 3.475000000000000000e+01 7.855034895436725506e-01 7.876913086510191064e-01
3.515999999999989001e+01 3.482999999999999829e+01 7.880863777995334996e-01 7.873346568681606206e-01
3.517799999999991911e+01 3.487000000000000455e+01 7.859165946500669131e-01 7.870041568987097280e-01
3.477599999999989677e+01 3.492999999999999972e+01 7.865232988135335557e-01 7.866965124084149830e-01
3.530199999999989302e+01 3.499000000000000199e+01 7.851902519510920442e-01 7.863552768102769486e-01
3.495599999999989649e+01 3.497999999999999687e+01 7.874136517711305405e-01 7.860830000850128618e-01
3.522399999999985454e+01 3.508999999999999631e+01 7.857795690683841983e-01 7.857678031627297610e-01
3.521999999999990649e+01 3.503999999999999915e+01 7.847568671056425194e-01 7.854559909303470144e-01
3.509599999999992548e+01 3.516000000000000369e+01 7.869203921018543824e-01 7.851956537745918840e-01
3.510799999999991172e+01 3.514000000000000057e+01 7.861283278952839737e-01 7.849294602343714899e-01
3.553599999999993742e+01 3.517000000000000171e+01 7.837319906188234819e-01 7.845954065154845392e-01
3.539799999999989666e+01 3.504999999999999716e+01 7.840572400206674564e-01 7.842871917762010980e-01
3.563399999999990797e+01 3.517000000000000171e+01 7.822712918373522228e-01 7.839661931030814657e-01
3.536999999999988376e+01 3.528999999999999915e+01 7.825926528407686211e-01 7.836679281938558894e-01
3.554999999999992610e+01 3.528000000000000114e+01 7.835950035015646353e-01 7.834377050400416209e-01
3.550599999999993628e+01 3.528999999999999915e+01 7.832718497397810342e-01 7.831445532334301296e-01
3.560999999999989996e+01 3.526000000000000512e+01 7.831316869361507615e-01 7.829070478240049979e-01
3.597799999999994469e+01 3.542999999999999972e+01 7.806801036193522503e-01 7.826688016159732975e-01
3.557199999999988194e+01 3.533999999999999631e+01 7.818983069329892288e-01 7.824313609931857760e-01
3.586599999999992860e+01 3.535999999999999943e+01 7.821830818139785535e-01 7.821831242610632895e-01
3.556399999999990769e+01 3.550000000000000000e+01 7.837887180660827458e-01 7.819894326919737404e-01
3.535199999999993992e+01 3.551000000000000512e+01 7.822894890318451422e-01 7.816737537648447143e-01
3.563199999999996237e+01 3.558999999999999631e+01 7.812234833285486291e-01 7.814115606417939563e-01
3.619999999999991047e+01 3.560999999999999943e+01 7.797494361823054110e-01 7.810480322296352584e-01
3.568399999999988381e+01 3.567999999999999972e+01 7.816262183837262567e-01 7.808833313936677234e-01
3.615199999999987313e+01 3.571999999999999886e+01 7.797059526760377057e-01 7.805673879571132234e-01
3.561799999999995947e+01 3.560999999999999943e+01 7.809027153687874145e-01 7.803329984900833072e-01
3.600199999999987455e+01 3.575000000000000000e+01 7.799125323260518439e-01 7.800810729788537623e-01
3.606999999999995055e+01 3.578999999999999915e+01 7.796634590991562419e-01 7.797707121565944366e-01
3.583399999999994634e+01 3.582999999999999829e+01 7.798953926508838119e-01 7.795325013860192609e-01
3.573599999999990473e+01 3.573000000000000398e+01 7.801838859952112681e-01 7.793178230362164394e-01
3.592399999999992843e+01 3.593999999999999773e+01 7.798136755057608616e-01 7.791376305373379774e-01
3.573199999999992116e+01 3.590999999999999659e+01 7.807641397725666454e-01 7.789219958772187757e-01
3.659799999999987818e+01 3.598000000000000398e+01 7.761428774382905793e-01 7.787525190661479524e-01
3.589199999999986090e+01 3.600000000000000000e+01 7.803272016540167000e-01 7.784847126722692634e-01
3.643599999999986494e+01 3.609000000000000341e+01 7.763244067115027125e-01 7.783255442585088613e-01
3.638599999999990331e+01 3.599000000000000199e+01 7.769374913874094180e-01 7.780589445942718285e-01
3.672599999999980014e+01 3.612000000000000455e+01 7.760733509850029632e-01 7.778204467568577973e-01
3.604599999999994964e+01 3.617000000000000171e+01 7.785137178543483083e-01 7.776333334119608365e-01
3.635399999999993526e+01 3.610000000000000142e+01 7.775440891463640813e-01 7.774236544543817740e-01
3.668799999999988870e+01 3.618999999999999773e+01 7.745502241033827007e-01 7.771839065027784654e-01
3.623999999999986699e+01 3.614000000000000057e+01 7.770149880147685373e-01 7.769983024379227832e-01
3.623199999999993537e+01 3.619999999999999574e+01 7.776420501547339770e-01 7.768119190679025898e-01
3.645199999999989871e+01 3.621000000000000085e+01 7.760308448752206711e-01 7.765641997612421354e-01
3.640399999999987557e+01 3.623000000000000398e+01 7.770890071511186159e-01 7.763465609111278587e-01
3.648799999999989296e+01 3.634000000000000341e+01 7.766708115722341654e-01 7.761536211504139748e-01
3.629599999999992832e+01 3.639999999999999858e+01 7.768996874730451641e-01 7.759843374907469116e-01
3.654999999999987637e+01 3.635000000000000142e+01 7.759323434528788699e-01 7.757911092062813596e-01
3.661999999999986954e+01 3.632000000000000028e+01 7.750203935513253484e-01 7.755923516757823322e-01
3.633599999999989194e+01 3.632999999999999829e+01 7.746621056492014601e-01 7.754209543950901784e-01
3.660799999999992593e+01 3.642000000000000171e+01 7.743348909320811879e-01 7.751524258804620704e-01
3.678399999999992076e+01 3.639999999999999858e+01 7.747321502497911405e-01 7.750460063157319501e-01
3.648599999999989052e+01 3.653999999999999915e+01 7.768312874105779420e-01 7.748708656235311354e-01
3.710599999999989507e+01 3.649000000000000199e+01 7.741974479681816845e-01 7.747392382738051975e-01
3.641999999999993065e+01 3.644999999999999574e+01 7.760928470667963763e-01 7.744810916774980125e-01
3.648199999999987853e+01 3.650999999999999801e+01 7.762519510904318798e-01 7.742681244629741055e-01
3.665999999999985448e+01 3.667999999999999972e+01 7.746944664404766812e-01 7.741160087920594401e-01
3.678999999999992099e+01 3.650999999999999801e+01 7.757480380367065553e-01 7.738844306161386521e-01
3.638399999999990797e+01 3.660999999999999943e+01 7.754204283923691321e-01 7.737169057464393651e-01
3.696399999999990627e+01 3.664999999999999858e+01 7.716268850549159453e-01 7.735316465111937712e-01
3.676999999999985391e+01 3.673000000000000398e+01 7.737217173415702476e-01 7.733463767800752287e-01
3.663399999999985823e+01 3.660000000000000142e+01 7.743530587195411874e-01 7.731742571197919300e-01
3.627799999999989922e+01 3.678000000000000114e+01 7.751311084793054418e-01 7.730485671302577133e-01
3.679199999999990212e+01 3.674000000000000199e+01 7.730537075066875596e-01 7.727930689534461273e-01
3.694999999999987494e+01 3.682999999999999829e+01 7.720163854334827214e-01 7.725612919870800122e-01
3.716199999999990666e+01 3.679999999999999716e+01 7.717220182169670650e-01 7.723571083213806032e-01
3.703999999999988546e+01 3.685999999999999943e+01 7.703309555538754294e-01 7.722351829524300992e-01
3.694999999999993179e+01 3.698000000000000398e+01 7.719000248238374606e-01 7.720133125719134126e-01
3.692599999999990246e+01 3.696999999999999886e+01 7.718830114988953772e-01 7.719708181644242551e-01
3.669399999999988182e+01 3.700000000000000000e+01 7.723615254136019237e-01 7.718271975640240701e-01
3.706399999999989348e+01 3.703999999999999915e+01 7.710120492860291774e-01 7.716434095373889690e-01
3.663799999999991996e+01 3.703999999999999915e+01 7.724973145206465164e-01 7.714532538328773281e-01
3.739599999999985869e+01 3.691999999999999460e+01 7.699428938300599823e-01 7.711866890841972966e-01
3.686599999999990729e+01 3.696000000000000085e+01 7.722209067300402907e-01 7.710397669499018392e-01
3.687999999999991019e+01 3.703999999999999915e+01 7.715904328980056626e-01 7.709030518384620834e-01
3.750799999999989609e+01 3.701999999999999602e+01 7.698596888535356175e-01 7.707273137948128516e-01
3.733399999999989660e+01 3.698000000000000398e+01 7.708962804265778734e-01 7.704751777452176764e-01
3.724599999999989564e+01 3.713000000000000256e+01 7.692552738657282285e-01 7.703679809373507048e-01
3.712999999999989598e+01 3.713000000000000256e+01 7.712032557667826138e-01 7.702019649207330065e-01
3.773799999999984323e+01 3.707999999999999829e+01 7.677218967227931179e-01 7.699668006560883571e-01
3.735399999999986420e+01 3.720000000000000284e+01 7.693858542644931298e-01 7.698325869152983225e-01
3.716799999999996373e+01 3.738000000000000256e+01 7.701348015781586120e-01 7.696832927180592421e-01
3.708399999999986818e+01 3.742999999999999972e+01 7.708375596809813324e-01 7.697136502137549297e-01
3.752199999999987767e+01 3.735999999999999943e+01 7.686616611121724896e-01 7.694145240275493958e-01
3.713199999999988421e+01 3.739000000000000057e+01 7.695764216203270225e-01 7.691727768200488091e-01
3.746199999999991803e+01 3.739999999999999858e+01 7.680350934647551808e-01 7.689949453100447530e-01
3.763999999999986557e+01 3.741999999999999460e+01 7.679596810123253681e-01 7.688754973686771077e-01
3.756599999999989592e+01 3.742999999999999972e+01 7.690371561229477626e-01 7.686473622143271678e-01
3.751799999999986568e+01 3.741999999999999460e+01 7.664289892791016356e-01 7.684429092401461325e-01
3.789799999999994640e+01 3.753000000000000114e+01 7.670277502181934715e-01 7.682892151112344914e-01
3.798599999999989052e+01 3.754999999999999716e+01 7.667458924598078429e-01 7.681012274225730296e-01
3.787599999999993372e+01 3.750999999999999801e+01 7.670276942613161175e-01 7.678913021701521124e-01
3.762399999999988154e+01 3.740999999999999659e+01 7.664589092294166184e-01 7.678022777588755510e-01
3.797799999999984522e+01 3.758000000000000540e+01 7.666598258390190379e-01 7.676493086263775911e-01
3.769199999999988648e+01 3.771000000000000085e+01 7.684399976473402782e-01 7.675100937930288136e-01
3.773199999999990695e+01 3.764999999999999858e+01 7.659841056619295374e-01 7.672759970371538785e-01
3.806999999999989370e+01 3.785999999999999943e+01 7.653513385132191260e-01 7.671417499361193881e-01
3.764199999999988222e+01 3.775000000000000000e+01 7.672881274639133942e-01 7.668765394617105269e-01
3.765199999999995839e+01 3.770000000000000284e+01 7.694780368660907310e-01 7.668543210234770591e-01
3.808399999999984686e+01 3.764999999999999858e+01 7.648926154829313040e-01 7.667112634522862402e-01
3.773999999999988830e+01 3.776999999999999602e+01 7.669552754897047686e-01 7.665441271917903254e-01
3.757599999999990104e+01 3.789999999999999858e+01 7.678908621122891853e-01 7.663646488370839949e-01
3.823799999999985033e+01 3.794000000000000483e+01 7.652109398702375831e-01 7.662462847714921477e-01
3.830599999999987659e+01 3.796000000000000085e+01 7.649114565921391051e-01 7.660484322957772374e-01
3.782399999999990570e+01 3.795000000000000284e+01 7.662410921763305183e-01 7.659643559737001617e-01
3.783599999999989905e+01 3.785999999999999943e+01 7.662773631161960974e-01 7.657880333971808229e-01
3.804599999999989279e+01 3.784000000000000341e+01 7.650950348763494446e-01 7.656496819584179825e-01
3.800799999999986056e+01 3.792000000000000171e+01 7.656503751675470815e-01 7.654884589888849566e-01
3.804399999999990456e+01 3.796999999999999886e+01 7.650515487239637480e-01 7.653347663545645441e-01
3.797199999999997289e+01 3.800999999999999801e+01 7.645864251026491809e-01 7.651983030414475362e-01
3.832399999999991991e+01 3.799000000000000199e+01 7.641206657911358002e-01 7.650226303111887782e-01
3.810399999999987841e+01 3.809000000000000341e+01 7.650287389934342652e-01 7.648437577032657364e-01
3.809199999999994901e+01 3.814000000000000057e+01 7.651462103029545991e-01 7.647280767355164599e-01
3.832999999999988461e+01 3.810999999999999943e+01 7.635858186456357943e-01 7.645074439295893587e-01
3.844399999999982498e+01 3.820000000000000284e+01 7.634316908671107127e-01 7.643490523132823178e-01
3.790999999999989001e+01 3.817999999999999972e+01 7.641252691193285429e-01 7.642502230930441343e-01
3.803999999999987125e+01 3.824000000000000199e+01 7.643685726253811596e-01 7.640778837482472552e-01
3.811999999999990507e+01 3.814000000000000057e+01 7.624244925225679426e-01 7.639594459432578200e-01
3.856399999999992190e+01 3.815999999999999659e+01 7.617422586835422837e-01 7.637591105390518775e-01
3.837999999999985334e+01 3.832000000000000028e+01 7.637179328785723698e-01 7.637238301524603701e-01
3.874999999999985789e+01 3.825000000000000000e+01 7.619466696690814222e-01 7.634610185177808095e-01
3.844799999999992224e+01 3.832999999999999829e+01 7.627110326246363536e-01 7.632445240478957782e-01
3.827799999999982816e+01 3.829999999999999716e+01 7.625237622171335827e-01 7.630031652017956745e-01
3.841399999999990200e+01 3.837999999999999545e+01 7.627249970421575709e-01 7.629204777462890164e-01
3.939599999999980895e+01 3.835999999999999943e+01 7.601330348130928005e-01 7.627798561920129394e-01
3.863799999999991996e+01 3.845000000000000284e+01 7.622860223621423792e-01 7.626275246205508340e-01
3.809999999999995168e+01 3.860000000000000142e+01 7.631366342930160362e-01 7.625621644650261155e-01
3.834199999999988506e+01 3.847999999999999687e+01 7.624674964887900863e-01 7.624680844537026214e-01
3.856999999999992212e+01 3.853000000000000114e+01 7.618634864034686816e-01 7.623809194393523780e-01
3.841599999999988313e+01 3.853000000000000114e+01 7.631355558079284673e-01 7.621936181488395690e-01
3.844999999999983231e+01 3.850999999999999801e+01 7.623955059039563276e-01 7.619994609266493857e-01
3.892199999999986204e+01 3.844000000000000483e+01 7.614890429846735698e-01 7.618334134879251041e-01
3.849999999999983658e+01 3.842999999999999972e+01 7.616007990303731434e-01 7.616548374847957881e-01
3.876599999999992008e+01 3.857999999999999829e+01 7.596074168627831025e-01 7.614772132224774115e-01
3.834799999999992082e+01 3.850999999999999801e+01 7.616124065295581946e-01 7.614184497916379746e-01
3.869399999999987472e+01 3.856000000000000227e+01 7.603274753645592465e-01 7.612576473079546435e-01
3.840999999999987580e+01 3.857000000000000028e+01 7.613492807864952194e-01 7.611747193867655081e-01
3.863399999999989376e+01 3.859000000000000341e+01 7.601532639602828212e-01 7.608714625908364892e-01
3.898799999999988586e+01 3.862999999999999545e+01 7.597868362346764659e-01 7.607456176681163251e-01
3.848599999999989052e+01 3.867000000000000171e+01 7.610391798338846936e-01 7.606350238510994899e-01
3.875599999999986522e+01 3.870000000000000284e+01 7.600533428096721833e-01 7.605130976534602016e-01
3.873599999999984789e+01 3.867000000000000171e+01 7.605866654550900163e-01 7.603632875720982565e-01
3.872799999999984522e+01 3.875999999999999801e+01 7.596643815363880448e-01 7.603098536148805708e-01
3.881799999999990547e+01 3.875999999999999801e+01 7.596545131731650136e-01 7.601094142998905401e-01
3.897399999999988296e+01 3.875000000000000000e+01 7.581104572575613210e-01 7.599921671034934878e-01
3.910199999999989728e+01 3.875000000000000000e+01 7.581837630363363889e-01 7.597991316232555192e-01
3.886199999999986687e+01 3.878000000000000114e+01 7.580633016344560104e-01 7.597879276161331186e-01
3.846399999999989916e+01 3.889999999999999858e+01 7.616103372864159171e-01 7.596314482979729110e-01
3.930199999999985039e+01 3.885999999999999943e+01 7.576694259620460059e-01 7.595075793063357228e-01
3.927799999999997027e+01 3.890999999999999659e+01 7.579515421715088408e-01 7.593265623570829570e-01
3.869999999999988205e+01 3.890999999999999659e+01 7.591871937526988301e-01 7.591035241068764261e-01
3.874199999999986233e+01 3.894000000000000483e+01 7.598713540383860154e-01 7.589439573508516279e-01
3.915399999999982583e+01 3.892999999999999972e+01 7.588250628665516029e-01 7.588416499209702515e-01
3.910599999999981691e+01 3.885000000000000142e+01 7.571311677761745074e-01 7.588085132421716894e-01
3.882799999999989637e+01 3.897999999999999687e+01 7.612040883826510784e-01 7.586852222989859396e-01
3.957599999999985840e+01 3.903999999999999915e+01 7.562862614762694280e-01 7.585931553772971014e-01
3.919799999999987961e+01 3.907000000000000028e+01 7.588143010979619962e-01 7.583719230713653614e-01
3.923999999999985278e+01 3.903999999999999915e+01 7.585509860383831127e-01 7.582307555337927107e-01
3.942799999999991201e+01 3.900999999999999801e+01 7.562912169410812568e-01 7.582005410701846415e-01
3.887799999999992195e+01 3.900999999999999801e+01 7.590952640747373747e-01 7.581492099057502987e-01
3.931799999999988415e+01 3.906000000000000227e+01 7.572475470073732895e-01 7.579093643688533666e-01
3.940799999999985914e+01 3.910999999999999943e+01 7.569777239179048545e-01 7.577372221336974301e-01
3.926799999999990831e+01 3.909000000000000341e+01 7.576321786434216943e-01 7.576352941955446507e-01
3.974399999999982924e+01 3.919000000000000483e+01 7.534669625287094830e-01 7.575129284572144073e-01
3.894399999999988182e+01 3.931000000000000227e+01 7.580030200039431509e-01 7.574388739196190601e-01
3.915999999999987580e+01 3.936999999999999744e+01 7.585013412100701791e-01 7.573119638383580821e-01
3.939199999999984669e+01 3.939999999999999858e+01 7.572849157333843007e-01 7.571769582020955180e-01
3.947999999999985477e+01 3.946999999999999886e+01 7.557418635759373116e-01 7.571468443182720609e-01
3.902599999999988256e+01 3.947999999999999687e+01 7.573916789929534543e-01 7.569696862531515302e-01
3.930999999999985306e+01 3.953000000000000114e+01 7.567626119526267292e-01 7.567696287861123139e-01
3.957199999999990325e+01 3.946999999999999886e+01 7.552330312035877569e-01 7.567574246820718553e-01
3.942399999999982185e+01 3.946999999999999886e+01 7.558231178511577442e-01 7.566445127556644668e-01
3.967199999999982651e+01 3.950000000000000000e+01 7.560681878038432169e-01 7.564926972024498264e-01
3.933999999999983288e+01 3.960000000000000142e+01 7.573740226119146657e-01 7.563469633898585176e-01
3.971399999999989916e+01 3.960999999999999943e+01 7.543524199229585392e-01 7.561964773200257062e-01
3.950199999999984612e+01 3.961999999999999744e+01 7.563820947529179550e-01 7.562191319359342634e-01
3.982599999999998630e+01 3.960000000000000142e+01 7.537537303918211418e-01 7.560403507000964529e-01
3.946199999999988250e+01 3.960999999999999943e+01 7.562355020559559104e-01 7.559157843774642060e-01
3.958199999999994390e+01 3.967999999999999972e+01 7.553476098713538534e-01 7.558350125403138220e-01
3.977599999999987546e+01 3.956000000000000227e+01 7.547628829946606555e-01 7.556874974391151190e-01
3.968399999999991934e+01 3.953000000000000114e+01 7.542439695288570833e-01 7.556698160963920552e-01
4.013199999999982737e+01 3.958999999999999631e+01 7.532781535905640480e-01 7.555030687923035559e-01
3.946799999999988984e+01 3.967000000000000171e+01 7.554746299335134418e-01 7.553881348665407724e-01
3.983599999999990615e+01 3.966000000000000369e+01 7.543669800541520365e-01 7.552607112747662388e-01
3.999999999999987921e+01 3.964999999999999858e+01 7.533157936232095508e-01 7.551436211878970184e-01
4.013999999999989399e+01 3.978999999999999915e+01 7.533360427688312599e-01 7.551182373425119332e-01
3.969799999999989382e+01 3.968999999999999773e+01 7.530308415056872207e-01 7.549936486571099392e-01
3.961399999999983379e+01 3.967000000000000171e+01 7.550678282822306242e-01 7.549144477772776751e-01
3.983599999999989905e+01 3.983999999999999631e+01 7.531974910614233076e-01 7.548204319870415180e-01
4.007999999999986329e+01 3.975999999999999801e+01 7.526483297817242457e-01 7.546740392563038302e-01
3.982599999999992235e+01 3.986999999999999744e+01 7.531039081524714129e-01 7.544659776056711342e-01
3.988599999999984647e+01 3.985000000000000142e+01 7.535415323741623261e-01 7.544170270909341669e-01
3.998599999999986210e+01 3.978999999999999915e+01 7.533848143326368207e-01 7.542360957409884881e-01
3.981599999999997408e+01 3.990000000000000568e+01 7.536605296575009660e-01 7.542630998008990062e-01
3.964599999999989421e+01 3.985000000000000142e+01 7.545529684972288598e-01 7.540679527061135978e-01
4.021399999999997732e+01 3.982000000000000028e+01 7.529780651001376501e-01 7.540984215705562876e-01
3.990199999999988023e+01 3.991000000000000369e+01 7.528671918663703000e-01 7.539124877678555769e-01
4.013199999999989842e+01 3.982999999999999829e+01 7.513972563484351275e-01 7.538491713982238274e-01
4.004399999999991877e+01 3.996999999999999886e+01 7.524112522225518962e-01 7.537650840283748321e-01
4.023999999999988830e+01 3.991000000000000369e+01 7.520852761680050236e-01 7.536464540111809107e-01
4.016599999999986892e+01 3.991000000000000369e+01 7.527155604948034817e-01 7.535296161900734146e-01
3.979599999999994253e+01 3.993999999999999773e+01 7.524654892690373353e-01 7.533843940848131693e-01
4.006799999999986994e+01 3.995000000000000284e+01 7.530035019948119190e-01 7.533572582041273558e-01
4.027399999999984459e+01 3.996999999999999886e+01 7.516490911642806916e-01 7.532950669838032187e-01
4.049799999999989097e+01 3.990000000000000568e+01 7.495197474349820643e-01 7.531648805586977913e-01
4.018399999999983407e+01 3.986999999999999744e+01 7.510082848604017203e-01 7.531079051993220252e-01
4.010399999999984999e+01 3.998999999999999488e+01 7.512736995265318907e-01 7.530015978484607686e-01
4.014199999999979696e+01 3.991000000000000369e+01 7.526616667770663627e-01 7.529223425380073831e-01
4.014799999999990376e+01 4.003000000000000114e+01 7.502416926152618570e-01 7.527317599279935711e-01
4.021399999999991337e+01 4.003000000000000114e+01 7.500199329861729769e-01 7.526662774347929741e-01
4.001599999999987034e+01 3.996999999999999886e+01 7.526272518307520754e-01 7.525700034196236565e-01
4.024599999999986721e+01 4.010999999999999943e+01 7.521404140131263683e-01 7.525169896726404684e-01
3.992199999999987625e+01 4.003999999999999915e+01 7.518134271185582529e-01 7.524435914114608881e-01
4.062599999999982714e+01 4.007999999999999829e+01 7.501321852290193659e-01 7.523942690638776298e-01
4.037799999999987932e+01 4.005000000000000426e+01 7.503699631131230952e-01 7.523194648166452447e-01
4.020199999999982765e+01 4.006000000000000227e+01 7.504906092095263714e-01 7.523377157459035791e-01
4.064199999999988933e+01 4.003000000000000114e+01 7.485590424207616556e-01 7.521526604293737872e-01
4.034399999999995146e+01 4.012999999999999545e+01 7.488916002712291409e-01 7.520320748052277127e-01
4.070599999999980412e+01 4.003000000000000114e+01 7.487118170209670076e-01 7.520814255671333104e-01
4.028199999999982595e+01 4.007999999999999829e+01 7.516506624685889149e-01 7.519171652037506259e-01
4.044999999999988205e+01 4.011999999999999744e+01 7.520662505703382683e-01 7.518151170268025929e-01
4.060799999999987620e+01 4.012999999999999545e+01 7.498451720463735759e-01 7.517281161405822143e-01
4.043599999999987205e+01 4.006000000000000227e+01 7.485511750520040808e-01 7.515623251145978623e-01
4.045799999999992025e+01 4.010000000000000142e+01 7.504009327649519001e-01 7.515424120104383654e-01
4.045999999999985164e+01 4.007999999999999829e+01 7.489056346678669707e-01 7.515447034352576994e-01
4.072599999999989961e+01 4.007999999999999829e+01 7.477886625447848212e-01 7.514377029656389428e-01
4.067999999999987182e+01 4.003999999999999915e+01 7.483524231676662586e-01 7.513556759338416713e-01
4.026399999999988921e+01 4.010000000000000142e+01 7.500497730893962434e-01 7.513006569499729448e-01
4.059599999999984021e+01 4.003000000000000114e+01 7.489209541168515560e-01 7.511605499000998387e-01
4.046999999999982123e+01 4.012999999999999545e+01 7.501179649144855688e-01 7.510742337016839132e-01
4.032799999999986795e+01 4.010000000000000142e+01 7.511293615686921443e-01 7.509391852908023912e-01
4.077399999999994407e+01 4.016000000000000369e+01 7.484470836451039277e-01 7.508632312923467778e-01
4.071399999999985653e+01 4.015000000000000568e+01 7.486447481612318322e-01 7.508101863099443385e-01
4.037199999999989330e+01 4.012999999999999545e+01 7.500860235448386648e-01 7.507156254665257045e-01
4.072599999999985698e+01 4.021000000000000085e+01 7.479989751596977099e-01 7.506046386157589900e-01
4.043799999999995975e+01 4.008999999999999631e+01 7.487411253898821339e-01 7.505857407682443583e-01
4.027599999999985414e+01 4.011999999999999744e+01 7.505972923312225209e-01 7.505813352799018956e-01
4.054199999999993054e+01 4.020000000000000284e+01 7.498440766527920687e-01 7.504857526734152184e-01
4.085199999999988307e+01 4.031000000000000227e+01 7.466131913209808069e-01 7.503265345038505618e-01
4.098999999999985988e+01 4.023999999999999488e+01 7.472652887087722906e-01 7.502734141143814206e-01
4.082599999999990814e+01 4.023999999999999488e+01 7.478919296956084706e-01 7.502646602357805339e-01
4.035399999999992104e+01 4.035999999999999943e+01 7.510097887394012739e-01 7.503858896019136582e-01
