1.064799999999999613e+01 1.000000000000000000e+01 2.303096987718392885e+00 2.302098994011180899e+00
9.992000000000007987e+00 1.004000000000000092e+01 2.302625972833735712e+00 2.301574479243997384e+00
1.023799999999999599e+01 1.001999999999999957e+01 2.302063677127833774e+00 2.300986895265154430e+00
9.839999999999990976e+00 1.002999999999999936e+01 2.301476388479528179e+00 2.300293938365563839e+00
1.026400000000001533e+01 1.002999999999999936e+01 2.300621167197689942e+00 2.299445148154548590e+00
1.015799999999999592e+01 1.002999999999999936e+01 2.299730406050450426e+00 2.298420015310846054e+00
1.003400000000000247e+01 1.029000000000000092e+01 2.298670936782846841e+00 2.297189533577966181e+00
1.082800000000001539e+01 1.233000000000000007e+01 2.297375415382251429e+00 2.295709714470132834e+00
1.302400000000000446e+01 1.300000000000000000e+01 2.295498926062668588e+00 2.293947868771335941e+00
1.234199999999999520e+01 1.262999999999999901e+01 2.294049357803316536e+00 2.291913383607250942e+00
1.300000000000000888e+01 1.315000000000000036e+01 2.291723096734837650e+00 2.289666669577501867e+00
1.311600000000000676e+01 1.398000000000000043e+01 2.289007880621562574e+00 2.287142318044917744e+00
1.385599999999998388e+01 1.396000000000000085e+01 2.286478251797656291e+00 2.284170612832425284e+00
1.430399999999998606e+01 1.448000000000000043e+01 2.283006880745564793e+00 2.280455917618157358e+00
1.473000000000000220e+01 1.489000000000000057e+01 2.278649809342251586e+00 2.276126331975432127e+00
1.495999999999997598e+01 1.501000000000000156e+01 2.274250837569163242e+00 2.271076859250487079e+00
1.558399999999997831e+01 1.628000000000000114e+01 2.268438329783632579e+00 2.264956227513293729e+00
1.664399999999998769e+01 1.680000000000000071e+01 2.262103921548111352e+00 2.257910105294281156e+00
1.705399999999995941e+01 1.637000000000000099e+01 2.254636935413671495e+00 2.251096299717067151e+00
1.706599999999997408e+01 1.692999999999999972e+01 2.247837655732677131e+00 2.243252484370639177e+00
1.767599999999996996e+01 1.753000000000000114e+01 2.239804837615190447e+00 2.234380283494994401e+00
1.820599999999996044e+01 1.730999999999999872e+01 2.230634586485364057e+00 2.226878719064488088e+00
1.795799999999993801e+01 1.711999999999999744e+01 2.223307150117479036e+00 2.219967094944209851e+00
1.794199999999998596e+01 1.766000000000000014e+01 2.216675480700558420e+00 2.211476470905926028e+00
1.800999999999994472e+01 1.746999999999999886e+01 2.208682260659748042e+00 2.207326002645835228e+00
1.777799999999996672e+01 1.784999999999999787e+01 2.203666834682748377e+00 2.199370761457292378e+00
1.835999999999998522e+01 1.794000000000000128e+01 2.195739574955769324e+00 2.194835749359181687e+00
1.827599999999996427e+01 1.771000000000000085e+01 2.191791909092414503e+00 2.191238751547106123e+00
1.821599999999992292e+01 1.780000000000000071e+01 2.186888308686884663e+00 2.186256903424989240e+00
1.809199999999998809e+01 1.778000000000000114e+01 2.182106599424179727e+00 2.182394238639350004e+00
1.797399999999998244e+01 1.827999999999999758e+01 2.177995520961723219e+00 2.177123922259826649e+00
1.816199999999993864e+01 1.801000000000000156e+01 2.175035481569680851e+00 2.175562820717501733e+00
1.840199999999999392e+01 1.776000000000000156e+01 2.173194020015031036e+00 2.173922845297906470e+00
1.786599999999997834e+01 1.801000000000000156e+01 2.171101782522877333e+00 2.170289769229597709e+00
1.809199999999997388e+01 1.802999999999999758e+01 2.170184936370194162e+00 2.169996392586476031e+00
1.821199999999997132e+01 1.849000000000000199e+01 2.168228777672114305e+00 2.166994570263510056e+00
1.849199999999996535e+01 1.830000000000000071e+01 2.164440706569879858e+00 2.166381769153885806e+00
1.809799999999994924e+01 1.812999999999999901e+01 2.164371451582459471e+00 2.164441774388286444e+00
1.799799999999995492e+01 1.812000000000000099e+01 2.164345483846992657e+00 2.163760069627027161e+00
1.808799999999996189e+01 1.802999999999999758e+01 2.165828389645129359e+00 2.163083946128737445e+00
1.814199999999997459e+01 1.791000000000000014e+01 2.161382470421672863e+00 2.162865626445380052e+00
1.798599999999996868e+01 1.799000000000000199e+01 2.163223779453567808e+00 2.162494587299988780e+00
1.807999999999996987e+01 1.807000000000000028e+01 2.162613127453718587e+00 2.162211615405499110e+00
1.812599999999996569e+01 1.831000000000000227e+01 2.160048516083768355e+00 2.158743961681954371e+00
1.797599999999993869e+01 1.814999999999999858e+01 2.162332186201730622e+00 2.160450246098301275e+00
1.819399999999995643e+01 1.810999999999999943e+01 2.160200090608056733e+00 2.159666158464711216e+00
1.792399999999996041e+01 1.789000000000000057e+01 2.160086712602049985e+00 2.159002012146896021e+00
1.756399999999996098e+01 1.754999999999999716e+01 2.161918216176508700e+00 2.159583751632083715e+00
1.723799999999998533e+01 1.753000000000000114e+01 2.163064616669529983e+00 2.160249665639451422e+00
1.713199999999998013e+01 1.787999999999999901e+01 2.161880875957655324e+00 2.157887496940389394e+00
1.762199999999998212e+01 1.785999999999999943e+01 2.161221717667451525e+00 2.160424932690356403e+00
1.787799999999998235e+01 1.816000000000000014e+01 2.162495141441535207e+00 2.158229488614586078e+00
1.769999999999995310e+01 1.794999999999999929e+01 2.161064256318636190e+00 2.158966877085313207e+00
1.767599999999996996e+01 1.807999999999999829e+01 2.162249575215906994e+00 2.158062614400500401e+00
1.769199999999995043e+01 1.800000000000000000e+01 2.159461295344114351e+00 2.159009238253036145e+00
1.792599999999994864e+01 1.766000000000000014e+01 2.162875552863058104e+00 2.161784456767694707e+00
1.773599999999996157e+01 1.807000000000000028e+01 2.162904129604628078e+00 2.158846674211683414e+00
1.751599999999997337e+01 1.794000000000000128e+01 2.161369955757153516e+00 2.159353734364731103e+00
1.774199999999994404e+01 1.791999999999999815e+01 2.159020057797691017e+00 2.160103073467122936e+00
1.748999999999996646e+01 1.769000000000000128e+01 2.162507028505911144e+00 2.160310711358718105e+00
1.710599999999995546e+01 1.741999999999999815e+01 2.160191251440052085e+00 2.159265252334974683e+00
1.685799999999998633e+01 1.737000000000000099e+01 2.163782362431963424e+00 2.158406438355887857e+00
1.703200000000000358e+01 1.728999999999999915e+01 2.159027972444369059e+00 2.158656645754891912e+00
1.686400000000000077e+01 1.744000000000000128e+01 2.160773180166954077e+00 2.158460206171712858e+00
1.695599999999995688e+01 1.739000000000000057e+01 2.163213488715105992e+00 2.158960728804697471e+00
1.661999999999997613e+01 1.764000000000000057e+01 2.161877311786313705e+00 2.154530851276332815e+00
1.669799999999997198e+01 1.748000000000000043e+01 2.158365834036783948e+00 2.158433368778804873e+00
1.683599999999997721e+01 1.741000000000000014e+01 2.158116459234589168e+00 2.156505057355482702e+00
1.679199999999998738e+01 1.721000000000000085e+01 2.158569084937083105e+00 2.157821113179041461e+00
1.654000000000000625e+01 1.703000000000000114e+01 2.162619687112069755e+00 2.156778265688442886e+00
1.655599999999996186e+01 1.666999999999999815e+01 2.160987375418766732e+00 2.157165163530539331e+00
1.623999999999997357e+01 1.664000000000000057e+01 2.164467885771840905e+00 2.154226327282978470e+00
1.663999999999996859e+01 1.635000000000000142e+01 2.157483153512093743e+00 2.153345498488326903e+00
1.627999999999996206e+01 1.632999999999999829e+01 2.158206975384325599e+00 2.153444509127520501e+00
1.597999999999995602e+01 1.622000000000000242e+01 2.157269978642904373e+00 2.153370407571152612e+00
1.586199999999999477e+01 1.625999999999999801e+01 2.162854858183412610e+00 2.154112382435698692e+00
1.603399999999997760e+01 1.598999999999999844e+01 2.161290600302196996e+00 2.153521692420464984e+00
1.569199999999998774e+01 1.579000000000000092e+01 2.159435589272119316e+00 2.151974473177852065e+00
1.570199999999999285e+01 1.569000000000000128e+01 2.157436530837065103e+00 2.153942388673571795e+00
1.570599999999997820e+01 1.577000000000000135e+01 2.161314256598093397e+00 2.155828079655898843e+00
1.551199999999999513e+01 1.565999999999999837e+01 2.165163353436462046e+00 2.155143517799982700e+00
1.529600000000000648e+01 1.564000000000000057e+01 2.162935309196117206e+00 2.152789179916431372e+00
1.548999999999998067e+01 1.550999999999999801e+01 2.165982787182687552e+00 2.153643459088737444e+00
1.543999999999998529e+01 1.527999999999999936e+01 2.168258556672781001e+00 2.152851391916771551e+00
1.548199999999997445e+01 1.522999999999999865e+01 2.165294843326388996e+00 2.155219137519857941e+00
1.542400000000000837e+01 1.512999999999999901e+01 2.169770563420239107e+00 2.154230496531245098e+00
1.527999999999997627e+01 1.516999999999999993e+01 2.170498783600964376e+00 2.154001946533295353e+00
1.509400000000001718e+01 1.512999999999999901e+01 2.173866170735552217e+00 2.154117502742537660e+00
1.541799999999997439e+01 1.507000000000000028e+01 2.173270029089830135e+00 2.153435271651823690e+00
1.518999999999999773e+01 1.509999999999999964e+01 2.173180535485961240e+00 2.152282056520153475e+00
1.520400000000000773e+01 1.502999999999999936e+01 2.176243993828100631e+00 2.154366493908582925e+00
1.506799999999997830e+01 1.499000000000000021e+01 2.181334117214465795e+00 2.152868838432634213e+00
1.538399999999997192e+01 1.497000000000000064e+01 2.180032825423369403e+00 2.152507867524275031e+00
1.530000000000003446e+01 1.494000000000000128e+01 2.181438715607554979e+00 2.154154175385369463e+00
1.514599999999996172e+01 1.500000000000000000e+01 2.186682155251948423e+00 2.153861867724926604e+00
1.494599999999998730e+01 1.504999999999999893e+01 2.187907285271220026e+00 2.153146500070870939e+00
1.495999999999997421e+01 1.504999999999999893e+01 2.193490860435804102e+00 2.154607052551449797e+00
1.506199999999997807e+01 1.489000000000000057e+01 2.199174146552956177e+00 2.155991387063491693e+00
1.500000000000000000e+01 1.494999999999999929e+01 2.203518821532970851e+00 2.154415658161354941e+00
1.498400000000000354e+01 1.501000000000000156e+01 2.204323774806779657e+00 2.152967543196516509e+00
1.476999999999998536e+01 1.494999999999999929e+01 2.210421885793511176e+00 2.155267278741729520e+00
1.509799999999996167e+01 1.486999999999999922e+01 2.218466608951014774e+00 2.154453774175324465e+00
1.473199999999999221e+01 1.501999999999999957e+01 2.223931745618746181e+00 2.153790628690921416e+00
1.495199999999999285e+01 1.476000000000000156e+01 2.231015851508650449e+00 2.155316871367094933e+00
1.494799999999999685e+01 1.463000000000000078e+01 2.238558397709276004e+00 2.155876219588573228e+00
1.469400000000001150e+01 1.468999999999999950e+01 2.244891386389292531e+00 2.155162416770591616e+00
1.483399999999998542e+01 1.491999999999999993e+01 2.254426884674006537e+00 2.151939837192874627e+00
1.472399999999998244e+01 1.487999999999999901e+01 2.258136213915508339e+00 2.152512823609977755e+00
1.498399999999998045e+01 1.482000000000000028e+01 2.275993311138273079e+00 2.153337235553339113e+00
1.475799999999998313e+01 1.484999999999999964e+01 2.281612317040563997e+00 2.154345332508098565e+00
1.482799999999999407e+01 1.508999999999999986e+01 2.293481428381941800e+00 2.152586633706894848e+00
1.483999999999999808e+01 1.497999999999999865e+01 2.305621478442535732e+00 2.153460282816511029e+00
1.473999999999998423e+01 1.489000000000000057e+01 2.320855070050709568e+00 2.153564977572305583e+00
1.474999999999998579e+01 1.511000000000000121e+01 2.337930525311018304e+00 2.155982360084151228e+00
1.504399999999996496e+01 1.501000000000000156e+01 2.354974694405306490e+00 2.154538538318936602e+00
1.480599999999997429e+01 1.508999999999999986e+01 2.372590848587190937e+00 2.156074902809253846e+00
1.498599999999995092e+01 1.526999999999999957e+01 2.392835792978184717e+00 2.154189412399781123e+00
1.500399999999998535e+01 1.531000000000000227e+01 2.416359319771839154e+00 2.153138784069453582e+00
1.489200000000000657e+01 1.532999999999999829e+01 2.436357435077896927e+00 2.155810113504773362e+00
1.514799999999999258e+01 1.501999999999999957e+01 2.465082269090815181e+00 2.157928044846512794e+00
1.553599999999997650e+01 1.524000000000000021e+01 2.493535506747952990e+00 2.153711993676096004e+00
1.536999999999997790e+01 1.535999999999999943e+01 2.522724227543001962e+00 2.152420593483861389e+00
1.562799999999997880e+01 1.522999999999999865e+01 2.555550485936804339e+00 2.151249031967141345e+00
1.526400000000000645e+01 1.522999999999999865e+01 2.593186989842712453e+00 2.157804653788068183e+00
1.540600000000000591e+01 1.560999999999999943e+01 2.633263781181381713e+00 2.153984312398372847e+00
1.559799999999996700e+01 1.569999999999999929e+01 2.675394505969356462e+00 2.154635705291260805e+00
1.592999999999998373e+01 1.567999999999999972e+01 2.719720822095237356e+00 2.154691304129248586e+00
1.574599999999996669e+01 1.595000000000000107e+01 2.772494308223724335e+00 2.152298195996527053e+00
1.590799999999998882e+01 1.597000000000000064e+01 2.828464249901200489e+00 2.152364891558650406e+00
1.589799999999997659e+01 1.573000000000000043e+01 2.882900176726869379e+00 2.153034661334324529e+00
1.567199999999997395e+01 1.582000000000000028e+01 2.953544887583448908e+00 2.154409174059205956e+00
1.599999999999998579e+01 1.595000000000000107e+01 3.021990976398174045e+00 2.150537894385366133e+00
1.594599999999996420e+01 1.585999999999999943e+01 3.101698136681817264e+00 2.152720490852086943e+00
1.621599999999995489e+01 1.607000000000000028e+01 3.183950838868501609e+00 2.148746378590353334e+00
1.585799999999995613e+01 1.579000000000000092e+01 3.271593933613988092e+00 2.152779524219363694e+00
1.608999999999998209e+01 1.575000000000000000e+01 3.374858168561837957e+00 2.152139836252463301e+00
1.600799999999995649e+01 1.573000000000000043e+01 3.481110862727963440e+00 2.152595447901319403e+00
1.617599999999997351e+01 1.593999999999999773e+01 3.592689326936623573e+00 2.150494384144185478e+00
1.582199999999996010e+01 1.617999999999999972e+01 3.721510185994796327e+00 2.149236447098537450e+00
1.616799999999999571e+01 1.621000000000000085e+01 3.856632634722036101e+00 2.149056005471082553e+00
1.604800000000000182e+01 1.625000000000000000e+01 4.006544768184629568e+00 2.149562081518952450e+00
1.605400000000000560e+01 1.612999999999999901e+01 4.168469223503861620e+00 2.150555599959680819e+00
1.637999999999995282e+01 1.605999999999999872e+01 4.344761871564237765e+00 2.150537224928026792e+00
1.594199999999995576e+01 1.601999999999999957e+01 4.533875899043056990e+00 2.152065799569844451e+00
1.564399999999996993e+01 1.610000000000000142e+01 4.744958222899013478e+00 2.153209820993952750e+00
1.626799999999997937e+01 1.610999999999999943e+01 4.971729159185436231e+00 2.148265666199835167e+00
1.601599999999998047e+01 1.608999999999999986e+01 5.212288656905034401e+00 2.148615992958628151e+00
1.604399999999997917e+01 1.617000000000000171e+01 5.478718876884444811e+00 2.146882613302091958e+00
1.612199999999998923e+01 1.617999999999999972e+01 5.758789716086642585e+00 2.149729431981787453e+00
1.630599999999996186e+01 1.603000000000000114e+01 6.057067085970287756e+00 2.146808059665703539e+00
1.614999999999995950e+01 1.608999999999999986e+01 6.375865394143992226e+00 2.145117377431306149e+00
1.583199999999995633e+01 1.595999999999999908e+01 6.726800398390129665e+00 2.145618243001249592e+00
1.605999999999998096e+01 1.584999999999999964e+01 7.103836307531397054e+00 2.145914523308375621e+00
1.617999999999998550e+01 1.570999999999999908e+01 7.519879144130277915e+00 2.148777477754781007e+00
1.625199999999998468e+01 1.580000000000000071e+01 7.968197207130194748e+00 2.146004242458118050e+00
1.608599999999998076e+01 1.573000000000000043e+01 8.443538146158559243e+00 2.145182893725182005e+00
1.583599999999998964e+01 1.577000000000000135e+01 8.954552078331017739e+00 2.145108753033453830e+00
1.588999999999996682e+01 1.583000000000000007e+01 9.494776461063642259e+00 2.146727512711796404e+00
1.614800000000000679e+01 1.575999999999999979e+01 1.008681957485064018e+01 2.147815965477070765e+00
1.619199999999999307e+01 1.545999999999999908e+01 1.070790922547338297e+01 2.149135508763565294e+00
1.559799999999999010e+01 1.598999999999999844e+01 1.139451497304992955e+01 2.145459854600773486e+00
1.589199999999998170e+01 1.569000000000000128e+01 1.211891708563566539e+01 2.146220915699872389e+00
1.603999999999997428e+01 1.554000000000000092e+01 1.290361134258322906e+01 2.147793221274814979e+00
1.585000000000001030e+01 1.590000000000000036e+01 1.375498808788433536e+01 2.145579271685421396e+00
1.593599999999998396e+01 1.572000000000000064e+01 1.463290436704946273e+01 2.147158912224766958e+00
1.592399999999996751e+01 1.565000000000000036e+01 1.560472113247598180e+01 2.147291889053448699e+00
1.599399999999999089e+01 1.559000000000000163e+01 1.666844121893723951e+01 2.147013653539023181e+00
1.605599999999998673e+01 1.557000000000000028e+01 1.776477904165918531e+01 2.147389830826035517e+00
1.585599999999999987e+01 1.570999999999999908e+01 1.896312544865925176e+01 2.146483278035577147e+00
1.601999999999998181e+01 1.555000000000000071e+01 2.024130415818241957e+01 2.147605014504760934e+00
1.584200000000000763e+01 1.569000000000000128e+01 2.162492759991290114e+01 2.146790224139211833e+00
1.573599999999998644e+01 1.569999999999999929e+01 2.308552703755983160e+01 2.146665018493277177e+00
1.566799999999998860e+01 1.567999999999999972e+01 2.468402165076047439e+01 2.147104144276710258e+00
1.607999999999998053e+01 1.555999999999999872e+01 2.641688020307579876e+01 2.147716951059464474e+00
1.571200000000001751e+01 1.559000000000000163e+01 2.823737208836819690e+01 2.146479074954187993e+00
1.573799999999997112e+01 1.551999999999999957e+01 3.023243916582455171e+01 2.147613089001419340e+00
1.604399999999998983e+01 1.555999999999999872e+01 3.239219115319473730e+01 2.145426292997583140e+00
1.570199999999997331e+01 1.593999999999999773e+01 3.464754111920240831e+01 2.143184920843344443e+00
1.567799999999997773e+01 1.575999999999999979e+01 3.703328490687182040e+01 2.145521327379625198e+00
1.573599999999998111e+01 1.580000000000000071e+01 3.964340265543632569e+01 2.144640218669261245e+00
1.599199999999995825e+01 1.565000000000000036e+01 4.241724434376297381e+01 2.145771055200570654e+00
1.584999999999997833e+01 1.559999999999999964e+01 4.537081006434500807e+01 2.146827547536246161e+00
1.581999999999996476e+01 1.555999999999999872e+01 4.849523760319966925e+01 2.147601758784135395e+00
1.563999999999995971e+01 1.570999999999999908e+01 5.186674176249769630e+01 2.145618564453628085e+00
1.593599999999995731e+01 1.567999999999999972e+01 5.552342633183361897e+01 2.145679525418803468e+00
1.566199999999999193e+01 1.584000000000000163e+01 5.937273740383641751e+01 2.144621870186494750e+00
1.563599999999998147e+01 1.565999999999999837e+01 6.351724911222208902e+01 2.147386479674123105e+00
1.550799999999997603e+01 1.592000000000000171e+01 6.792199296369444994e+01 2.143829837812100347e+00
1.572599999999996179e+01 1.558000000000000007e+01 7.266923916702562281e+01 2.147863113204523611e+00
1.589999999999998437e+01 1.579000000000000092e+01 7.799404329128529412e+01 2.143796913362296053e+00
1.563599999999998680e+01 1.583000000000000007e+01 8.339189665628086345e+01 2.143878022451308318e+00
1.585399999999997966e+01 1.554000000000000092e+01 8.943872462316215888e+01 2.147058562754987410e+00
1.548799999999999066e+01 1.566999999999999993e+01 9.591724677185314363e+01 2.148411998551326807e+00
1.575399999999997114e+01 1.559000000000000163e+01 1.029374057482883842e+02 2.148364622461931717e+00
1.570599999999997998e+01 1.558000000000000007e+01 1.105386778131375110e+02 2.148628840670423035e+00
1.580399999999998606e+01 1.551999999999999957e+01 1.185093201373347966e+02 2.147473215129330093e+00
1.587199999999998923e+01 1.551999999999999957e+01 1.273088460056342655e+02 2.147133909665567497e+00
1.571399999999995245e+01 1.562999999999999901e+01 1.365812152622656299e+02 2.145239961704640930e+00
1.591799999999997439e+01 1.558000000000000007e+01 1.464365629864148843e+02 2.144690794736822337e+00
1.559199999999997566e+01 1.557000000000000028e+01 1.569794549241677828e+02 2.148056351550023280e+00
1.565199999999997438e+01 1.600000000000000000e+01 1.683037129655050137e+02 2.145526674715406479e+00
1.600199999999998468e+01 1.557000000000000028e+01 1.805235881091633701e+02 2.147963273275947493e+00
1.576399999999998336e+01 1.562000000000000099e+01 1.934106154680724501e+02 2.146305778790285057e+00
1.595799999999996110e+01 1.554000000000000092e+01 2.075565027652926915e+02 2.146477816708742825e+00
1.579399999999996318e+01 1.555000000000000071e+01 2.224384086054824081e+02 2.146100951748481034e+00
1.574599999999999511e+01 1.565000000000000036e+01 2.386125172069918676e+02 2.145751320801564610e+00
1.583799999999999031e+01 1.552999999999999936e+01 2.559226304778835868e+02 2.145689240303804812e+00
1.554599999999998161e+01 1.555999999999999872e+01 2.743610678451822196e+02 2.145223301177131336e+00
1.567399999999998883e+01 1.562000000000000099e+01 2.941063952005526971e+02 2.144951060932736464e+00
1.566400000000000325e+01 1.552999999999999936e+01 3.150567466898746716e+02 2.145411553456825438e+00
1.556599999999994388e+01 1.562000000000000099e+01 3.378033617227839045e+02 2.145056123070519405e+00
1.563199999999998013e+01 1.575000000000000000e+01 3.615287542650523847e+02 2.143387801512942836e+00
1.580599999999995298e+01 1.547000000000000064e+01 3.867564665914856050e+02 2.144935214121558520e+00
1.582999999999997875e+01 1.565999999999999837e+01 4.138301389842562799e+02 2.141512531342670833e+00
1.581799999999996409e+01 1.555999999999999872e+01 4.426927470651683052e+02 2.143589797459768853e+00
1.561799999999995769e+01 1.565999999999999837e+01 4.748520365793665405e+02 2.142774397741608272e+00
1.560399999999999565e+01 1.565000000000000036e+01 5.085497972131059328e+02 2.144518587687245681e+00
1.602599999999997138e+01 1.575999999999999979e+01 5.443984947978641458e+02 2.143303033458310747e+00
1.544599999999998907e+01 1.579000000000000092e+01 5.816910145984667224e+02 2.143336592737907775e+00
1.604399999999997917e+01 1.562000000000000099e+01 6.216117791990690193e+02 2.144135452111425089e+00
1.581599999999997408e+01 1.549000000000000021e+01 6.643209102115202995e+02 2.144769132192616112e+00
1.529999999999998828e+01 1.564000000000000057e+01 7.097542999001988164e+02 2.144438725032710380e+00
1.604199999999998383e+01 1.550000000000000000e+01 7.590309161428224343e+02 2.145642783543245447e+00
1.560999999999997101e+01 1.564000000000000057e+01 8.107516956862671123e+02 2.141928627257098317e+00
1.561999999999997790e+01 1.579000000000000092e+01 8.659846845135322155e+02 2.143474645274317414e+00
1.593399999999998506e+01 1.547000000000000064e+01 9.261888003047278062e+02 2.144393405372221562e+00
1.587599999999995681e+01 1.562999999999999901e+01 9.907049921319458008e+02 2.143672275837648744e+00
1.574799999999998512e+01 1.565000000000000036e+01 1.056828199682884360e+03 2.143491433370587451e+00
1.609199999999997743e+01 1.567999999999999972e+01 1.127514923622052947e+03 2.144855837920358166e+00
1.593199999999996486e+01 1.575999999999999979e+01 1.202373584731392612e+03 2.142680774179455128e+00
1.593399999999997263e+01 1.562999999999999901e+01 1.280095937309936744e+03 2.145101201370401611e+00
1.595999999999998664e+01 1.564000000000000057e+01 1.365425234933327829e+03 2.144639010618486719e+00
1.614799999999998548e+01 1.562000000000000099e+01 1.454534584657383903e+03 2.145171117660848559e+00
1.587999999999998124e+01 1.573000000000000043e+01 1.548542552456561907e+03 2.142658261467054626e+00
1.608199999999997587e+01 1.582000000000000028e+01 1.648056958195488050e+03 2.142501100809556469e+00
1.600799999999997780e+01 1.569000000000000128e+01 1.751433327308063326e+03 2.145262232783539336e+00
1.580999999999998096e+01 1.583000000000000007e+01 1.862501067765477956e+03 2.142634076888724870e+00
1.588599999999999568e+01 1.575000000000000000e+01 1.980004789077994928e+03 2.143115732008500807e+00
1.592399999999999771e+01 1.555999999999999872e+01 2.107517010217994539e+03 2.146087797044991419e+00
1.606600000000000605e+01 1.585999999999999943e+01 2.239356851962877045e+03 2.142631975810953104e+00
1.614200000000000301e+01 1.566999999999999993e+01 2.373475659617547535e+03 2.147690636474092418e+00
1.588399999999997370e+01 1.584999999999999964e+01 2.520732118539237945e+03 2.144232476397721410e+00
1.619599999999997664e+01 1.580999999999999872e+01 2.672675857108789842e+03 2.143898577864594035e+00
1.591799999999998683e+01 1.582000000000000028e+01 2.831066298757225468e+03 2.143087217084477469e+00
1.588399999999999324e+01 1.592000000000000171e+01 3.001447963504923791e+03 2.142826375551551088e+00
1.613599999999996726e+01 1.582000000000000028e+01 3.179249337996813210e+03 2.143934735350837339e+00
1.610400000000000276e+01 1.587000000000000099e+01 3.366560546321029051e+03 2.144487010810129934e+00
1.603399999999997405e+01 1.584000000000000163e+01 3.563841253372771462e+03 2.142914242146919612e+00
1.636199999999998411e+01 1.572000000000000064e+01 3.769459683001263329e+03 2.145962299287094144e+00
1.607599999999997209e+01 1.566999999999999993e+01 3.984859375890091542e+03 2.145194436476749456e+00
1.604199999999998028e+01 1.567999999999999972e+01 4.203425890370379420e+03 2.146241590974051316e+00
1.590199999999997438e+01 1.565000000000000036e+01 4.439940750221879171e+03 2.146644602479993225e+00
1.615799999999997283e+01 1.573000000000000043e+01 4.688876722461037389e+03 2.145659921803010572e+00
1.599799999999999223e+01 1.577000000000000135e+01 4.948105000061475948e+03 2.144605235525404385e+00
1.578999999999998494e+01 1.580999999999999872e+01 5.218840203607626790e+03 2.146685561323057545e+00
1.594799999999996132e+01 1.592999999999999972e+01 5.516125067317399953e+03 2.145091422255192448e+00
1.609999999999999432e+01 1.582000000000000028e+01 5.818785898849021578e+03 2.146374569212280647e+00
1.620799999999997709e+01 1.577000000000000135e+01 6.137277080186209787e+03 2.147801043493702267e+00
1.601799999999997226e+01 1.593999999999999773e+01 6.472661306233375399e+03 2.147367549464787029e+00
1.630399999999996297e+01 1.580999999999999872e+01 6.826271434812699226e+03 2.148066375999382771e+00
1.610400000000000276e+01 1.607999999999999829e+01 7.194040560601284596e+03 2.145238454411164675e+00
1.615199999999998326e+01 1.600000000000000000e+01 7.582290658124801666e+03 2.146298700230385936e+00
1.621399999999997732e+01 1.592000000000000171e+01 7.988137087328825146e+03 2.146994506582507345e+00
1.614799999999999258e+01 1.603999999999999915e+01 8.401956978152718875e+03 2.146430685821953954e+00
1.629599999999998161e+01 1.600000000000000000e+01 8.847533636206781011e+03 2.147572825523964113e+00
1.601199999999997914e+01 1.587999999999999901e+01 9.313084335807199750e+03 2.150002697069723911e+00
1.633799999999997965e+01 1.603000000000000114e+01 9.797869059540078524e+03 2.148270728402963847e+00
1.628999999999996717e+01 1.580999999999999872e+01 1.029356104018022234e+04 2.152236921817117565e+00
1.615999999999998238e+01 1.589000000000000057e+01 1.082179776708342979e+04 2.149055194147996950e+00
1.608599999999995234e+01 1.598000000000000043e+01 1.137848045426617318e+04 2.147857755339952046e+00
1.599399999999996957e+01 1.601999999999999957e+01 1.196043937284262029e+04 2.148965812291729005e+00
1.640799999999995862e+01 1.595999999999999908e+01 1.256777921478125245e+04 2.149298184289530234e+00
1.606599999999998829e+01 1.593999999999999773e+01 1.322043666395716355e+04 2.149878991150429464e+00
1.612999999999999901e+01 1.616000000000000014e+01 1.391227047875733479e+04 2.147914665281569491e+00
1.612399999999999878e+01 1.595999999999999908e+01 1.461801194683240828e+04 2.150764216023194120e+00
1.607399999999998386e+01 1.592999999999999972e+01 1.534865055609111005e+04 2.153883862549232475e+00
1.611199999999998411e+01 1.623000000000000043e+01 1.614033376914532528e+04 2.149119739208097624e+00
1.631399999999995387e+01 1.607000000000000028e+01 1.695254818462759431e+04 2.153325287480734040e+00
1.660799999999996857e+01 1.600000000000000000e+01 1.780740577085115729e+04 2.153755822663049990e+00
1.612999999999996348e+01 1.612999999999999901e+01 1.869114217112953702e+04 2.153142727148451119e+00
1.640599999999998460e+01 1.612000000000000099e+01 1.961004186690722781e+04 2.155040300999825131e+00
1.626799999999999358e+01 1.603999999999999915e+01 2.059934734578369171e+04 2.155199039897482738e+00
1.603799999999997183e+01 1.612999999999999901e+01 2.164322289258260207e+04 2.156282652806670086e+00
1.614799999999997127e+01 1.605000000000000071e+01 2.275268922669139647e+04 2.157337394215298243e+00
1.606999999999997542e+01 1.600999999999999801e+01 2.390742134990894192e+04 2.158063806425005282e+00
1.586199999999996990e+01 1.610000000000000142e+01 2.513334497351756363e+04 2.155500244353149686e+00
1.624399999999994648e+01 1.616000000000000014e+01 2.640438091549413730e+04 2.155475520834380543e+00
1.613999999999996859e+01 1.612000000000000099e+01 2.773474710404629877e+04 2.157389236667352606e+00
1.633199999999999363e+01 1.628000000000000114e+01 2.910781514101610810e+04 2.156403121050400884e+00
1.613399999999998258e+01 1.614000000000000057e+01 3.056683019567409428e+04 2.159124347703895275e+00
1.608199999999998298e+01 1.618999999999999773e+01 3.205723473324885344e+04 2.158354149678963552e+00
1.580999999999998096e+01 1.616000000000000014e+01 3.365821911966761400e+04 2.159437991303958970e+00
1.604200000000001225e+01 1.610999999999999943e+01 3.536015445388390799e+04 2.158621039480312032e+00
1.618199999999996308e+01 1.605000000000000071e+01 3.716183856775015738e+04 2.157233359852819277e+00
1.584199999999999164e+01 1.597000000000000064e+01 3.898988175818211312e+04 2.158641411002174770e+00
1.595399999999997043e+01 1.598000000000000043e+01 4.095770468336813065e+04 2.156710215825121679e+00
1.640199999999998681e+01 1.610000000000000142e+01 4.302861819515068055e+04 2.158193467266596777e+00
1.608199999999996876e+01 1.600999999999999801e+01 4.521927519352349191e+04 2.157446003935217682e+00
1.595199999999997864e+01 1.601999999999999957e+01 4.746123066865134024e+04 2.158312024390664607e+00
1.580199999999995697e+01 1.592000000000000171e+01 4.985995097143186285e+04 2.160120250119218710e+00
1.592399999999997284e+01 1.595999999999999908e+01 5.239685257567818917e+04 2.158378924757764938e+00
1.570999999999998664e+01 1.595999999999999908e+01 5.507822647230417351e+04 2.156379275887116087e+00
1.581799999999998718e+01 1.592999999999999972e+01 5.788602323642648844e+04 2.153851638274941305e+00
1.576199999999997914e+01 1.560999999999999943e+01 6.076327142448411178e+04 2.154577053198584391e+00
1.548599999999997756e+01 1.554000000000000092e+01 6.387034239498346869e+04 2.155986852406112764e+00
1.555399999999997007e+01 1.542999999999999972e+01 6.718277574729554181e+04 2.152997190572933928e+00
1.545199999999997509e+01 1.537999999999999901e+01 7.064530483917277888e+04 2.153303078121354464e+00
1.562799999999998590e+01 1.544000000000000128e+01 7.424683320433282643e+04 2.151456084154298676e+00
1.544599999999997486e+01 1.526999999999999957e+01 7.803795815221432713e+04 2.158790254886381099e+00
1.529799999999999649e+01 1.551999999999999957e+01 8.216027692647281219e+04 2.155360302477395962e+00
1.568199999999998084e+01 1.540000000000000036e+01 8.643535787511180388e+04 2.161853840972761009e+00
1.555199999999999783e+01 1.534000000000000163e+01 9.108422004216459754e+04 2.162324864390215762e+00
1.509999999999998366e+01 1.532000000000000028e+01 9.599222909897680802e+04 2.161022188520092424e+00
1.552999999999996916e+01 1.526999999999999957e+01 1.011933598795733997e+05 2.167821870070283374e+00
1.560999999999998167e+01 1.529000000000000092e+01 1.067690597242470540e+05 2.162351220484877157e+00
1.543199999999996663e+01 1.524000000000000021e+01 1.128240286680851859e+05 2.163116166469524870e+00
1.543799999999997397e+01 1.516999999999999993e+01 1.192775087503355753e+05 2.165240402477949466e+00
1.567199999999998994e+01 1.526000000000000156e+01 1.262474919361537904e+05 2.164334408548506339e+00
1.542399999999998883e+01 1.531000000000000227e+01 1.334885426542899513e+05 2.163749767195504159e+00
1.529799999999997695e+01 1.519999999999999929e+01 1.413827087307574693e+05 2.167294578093934110e+00
1.546999999999998643e+01 1.525000000000000000e+01 1.499824417546677578e+05 2.168015198790998355e+00
1.567199999999997395e+01 1.531000000000000227e+01 1.589999111683795636e+05 2.165531946483831405e+00
1.541399999999995707e+01 1.544000000000000128e+01 1.688859512640672037e+05 2.177564329317414060e+00
1.560599999999995902e+01 1.555999999999999872e+01 1.794649618151931209e+05 2.166308152334702086e+00
1.573599999999997046e+01 1.551999999999999957e+01 1.904889234045044577e+05 2.178843015119438675e+00
1.554399999999996851e+01 1.558000000000000007e+01 2.025090754320189008e+05 2.170014156979316322e+00
1.567199999999997040e+01 1.557000000000000028e+01 2.157040854022954882e+05 2.169261118011384326e+00
1.544799999999997198e+01 1.559999999999999964e+01 2.300273346997749468e+05 2.169125584418606589e+00
1.593399999999995487e+01 1.562000000000000099e+01 2.454070930545324518e+05 2.167922268395181984e+00
1.574799999999996025e+01 1.547999999999999865e+01 2.619753964727073035e+05 2.173639703239319765e+00
1.558799999999997965e+01 1.564000000000000057e+01 2.800150819993765908e+05 2.170151129874428264e+00
1.616999999999999105e+01 1.564000000000000057e+01 2.994833366681205807e+05 2.168930406813874168e+00
1.583399999999998364e+01 1.558000000000000007e+01 3.200194604418282979e+05 2.169656739131725853e+00
1.575999999999996604e+01 1.562000000000000099e+01 3.422425315009394544e+05 2.169296405609907552e+00
1.565799999999999770e+01 1.565999999999999837e+01 3.674218373783249408e+05 2.172344773953522434e+00
1.585399999999998499e+01 1.562000000000000099e+01 3.940359751362219686e+05 2.171223050507443464e+00
1.582199999999998852e+01 1.565999999999999837e+01 4.229850183387133875e+05 2.171830888068625232e+00
1.578199999999999115e+01 1.562999999999999901e+01 4.545947886768027092e+05 2.177021977805137620e+00
1.592599999999996641e+01 1.566999999999999993e+01 4.884260210066590225e+05 2.169965231664447547e+00
1.568399999999996552e+01 1.559000000000000163e+01 5.264116528041479178e+05 2.172599677209126057e+00
1.575599999999997891e+01 1.559000000000000163e+01 5.676405119021616410e+05 2.173396984059201120e+00
1.584599999999998410e+01 1.555999999999999872e+01 6.125186415955239208e+05 2.171811062084253230e+00
1.559799999999997233e+01 1.557000000000000028e+01 6.617505564826594200e+05 2.174414306415011211e+00
1.574199999999995825e+01 1.558000000000000007e+01 7.151532604426394682e+05 2.175846875626443744e+00
1.602999999999997982e+01 1.575000000000000000e+01 7.740373530887321103e+05 2.171256758251047358e+00
1.577799999999999159e+01 1.575000000000000000e+01 8.362195940223437501e+05 2.170562920063192625e+00
1.588799999999997148e+01 1.569000000000000128e+01 9.025970232867441373e+05 2.168664847622900904e+00
1.595999999999999019e+01 1.569999999999999929e+01 9.770197145893701818e+05 2.175778676811616741e+00
1.593600000000000705e+01 1.569000000000000128e+01 1.056933056605461286e+06 2.178474527209173672e+00
1.583599999999997188e+01 1.565999999999999837e+01 1.145938787292746594e+06 2.173389898470343695e+00
1.588799999999996970e+01 1.569000000000000128e+01 1.241408369158044225e+06 2.170050061406580966e+00
1.566799999999999926e+01 1.564000000000000057e+01 1.346612507681097370e+06 2.174366648681123948e+00
1.596799999999996977e+01 1.562000000000000099e+01 1.462696516472386429e+06 2.172435366961029235e+00
1.561199999999998589e+01 1.567999999999999972e+01 1.585268320369680645e+06 2.166311819027055829e+00
1.572999999999997556e+01 1.559999999999999964e+01 1.722134463876905385e+06 2.174392571483796832e+00
1.614399999999998059e+01 1.554000000000000092e+01 1.871530768266091356e+06 2.169699924386808032e+00
1.591400000000001214e+01 1.550999999999999801e+01 2.036062451934531797e+06 2.168537698963185711e+00
1.552799999999998981e+01 1.555999999999999872e+01 2.216064197933325078e+06 2.173012179275325195e+00
1.579999999999997939e+01 1.550000000000000000e+01 2.408032062065724749e+06 2.163160269696383864e+00
1.598599999999998111e+01 1.552999999999999936e+01 2.618309518857084215e+06 2.166114186755395910e+00
1.567399999999995330e+01 1.552999999999999936e+01 2.849598279902710114e+06 2.166536671858002805e+00
1.551199999999998624e+01 1.550999999999999801e+01 3.100902992997844238e+06 2.162640490179230213e+00
1.545599999999999952e+01 1.537999999999999901e+01 3.373981385733697563e+06 2.162836528710190276e+00
1.553199999999998759e+01 1.524000000000000021e+01 3.666853815246521495e+06 2.160326783283675667e+00
1.555799999999998384e+01 1.515000000000000036e+01 3.991123009520611260e+06 2.168226003088457698e+00
1.532199999999998319e+01 1.539000000000000057e+01 4.338466482157876715e+06 2.163102752862810174e+00
1.528399999999998293e+01 1.519999999999999929e+01 4.721832313113342039e+06 2.161275889628649249e+00
1.556999999999998252e+01 1.529000000000000092e+01 5.142552011392658576e+06 2.162005867549774418e+00
1.537199999999995548e+01 1.519000000000000128e+01 5.589613305791968480e+06 2.169209553228162779e+00
1.541399999999999615e+01 1.500000000000000000e+01 6.089391176780932583e+06 2.166976665024276549e+00
1.548199999999996201e+01 1.514000000000000057e+01 6.645458671839155257e+06 2.163942497721913938e+00
1.509999999999999076e+01 1.519000000000000128e+01 7.246741803816838190e+06 2.169302684579982987e+00
1.523400000000000354e+01 1.497999999999999865e+01 7.899943959413924254e+06 2.163749333336264069e+00
1.514599999999996882e+01 1.507999999999999829e+01 8.623644402906723320e+06 2.169711579502791476e+00
1.502599999999998559e+01 1.514000000000000057e+01 9.393610138753229752e+06 2.163768780140936876e+00
1.522599999999998488e+01 1.483999999999999986e+01 1.021437201038631611e+07 2.169214487332693508e+00
1.488999999999995438e+01 1.476999999999999957e+01 1.112660053122174367e+07 2.174181875817819076e+00
1.499999999999998934e+01 1.482000000000000028e+01 1.209780863410524838e+07 2.176149732292772754e+00
1.464600000000000968e+01 1.471999999999999886e+01 1.317652710573292151e+07 2.174387455819588588e+00
1.485999999999999055e+01 1.475000000000000000e+01 1.432757827133881859e+07 2.168643187199950084e+00
1.486199999999999477e+01 1.466999999999999993e+01 1.558682897960382327e+07 2.171090612756024107e+00
1.499599999999997202e+01 1.474000000000000021e+01 1.699073522681800276e+07 2.174987752457335777e+00
1.497799999999997134e+01 1.474000000000000021e+01 1.852455620820486918e+07 2.168702677688945535e+00
1.498799999999997112e+01 1.457000000000000028e+01 2.016836760517776385e+07 2.174258343861215970e+00
1.492399999999999238e+01 1.456000000000000050e+01 2.191842077176745236e+07 2.171525797928403279e+00
1.476199999999999513e+01 1.433999999999999986e+01 2.384854179938554391e+07 2.171382685261352030e+00
1.455999999999999162e+01 1.439999999999999858e+01 2.594068662199100107e+07 2.176428560133224721e+00
1.438800000000000523e+01 1.463000000000000078e+01 2.819700745201598853e+07 2.175935381940030666e+00
1.486399999999999011e+01 1.451999999999999957e+01 3.062895626174587384e+07 2.175673808708545653e+00
1.464999999999999503e+01 1.439999999999999858e+01 3.324783067216960341e+07 2.172502244793151682e+00
1.447799999999999621e+01 1.441000000000000014e+01 3.607236306757517904e+07 2.180063399302343718e+00
1.460799999999998988e+01 1.426999999999999957e+01 3.922725140931772441e+07 2.176307692785570680e+00
1.448999999999994870e+01 1.423000000000000043e+01 4.262346249081084132e+07 2.181411626995376718e+00
1.471000000000000263e+01 1.421999999999999886e+01 4.630977686499807239e+07 2.184520375556104010e+00
1.446199999999999442e+01 1.414999999999999858e+01 5.025811258230379224e+07 2.185588927956521932e+00
1.420599999999999952e+01 1.416999999999999993e+01 5.455980374648137391e+07 2.177541729729562281e+00
1.443999999999998529e+01 1.413000000000000078e+01 5.929796009000323713e+07 2.181826035888505544e+00
1.410199999999998965e+01 1.403999999999999915e+01 6.428970559636588395e+07 2.183198646610438498e+00
1.381000000000001116e+01 1.400999999999999979e+01 6.978940601684004068e+07 2.182338729768158903e+00
1.423000000000001464e+01 1.401999999999999957e+01 7.582915660542856157e+07 2.181394962161435025e+00
