2.569600105285644531e+01 3.813999938964843750e+01 2.331713282346725258e+00 1.833573623895645044e+00
4.230200195312500000e+01 4.881999969482421875e+01 1.752963697552680999e+00 1.524850850105285538e+00
4.936199951171875000e+01 5.375999832153320312e+01 1.517312999784946381e+00 1.363473356962203953e+00
5.399000167846679688e+01 5.733000183105468750e+01 1.369558005094528186e+00 1.262578332424163730e+00
5.752599716186523438e+01 5.902000045776367188e+01 1.260037957131862729e+00 1.190502128601074183e+00
6.014999771118164062e+01 6.147000122070312500e+01 1.168046306490898134e+00 1.127068012058734858e+00
6.234199905395507812e+01 6.276000213623046875e+01 1.106944350421428691e+00 1.081779928207397434e+00
6.402400207519531250e+01 6.441000366210937500e+01 1.053744496762752503e+00 1.039917159378528577e+00
6.579199981689453125e+01 6.562000274658203125e+01 9.952543291449547080e-01 1.005450339019298589e+00
6.675199890136718750e+01 6.661000061035156250e+01 9.595274938642979201e-01 9.766188722848891945e-01
6.843799591064453125e+01 6.756999969482421875e+01 9.147251529693603000e-01 9.531939455866813571e-01
6.978399658203125000e+01 6.830999755859375000e+01 8.740745833516121444e-01 9.246677817404269639e-01
7.105799865722656250e+01 6.934999847412109375e+01 8.423666483163834151e-01 9.080605034530162545e-01
7.179000091552734375e+01 6.969000244140625000e+01 8.056708395481109175e-01 8.863849768042564303e-01
7.271400451660156250e+01 6.998000335693359375e+01 7.818984045386314641e-01 8.766504265367984772e-01
7.393399810791015625e+01 7.027000427246093750e+01 7.499615620076656164e-01 8.614093966782092604e-01
7.452799987792968750e+01 7.109000396728515625e+01 7.303768901228904209e-01 8.434951920807362002e-01
7.542199707031250000e+01 7.163999938964843750e+01 7.045995161533356033e-01 8.342788070440292358e-01
7.623600006103515625e+01 7.169999694824218750e+01 6.793632195591926548e-01 8.226612938940525144e-01
7.679000091552734375e+01 7.215000152587890625e+01 6.579769559800624501e-01 8.128558436036109613e-01
7.733399963378906250e+01 7.270999908447265625e+01 6.384569991827011570e-01 8.025377789139747087e-01
7.836199951171875000e+01 7.307999420166015625e+01 6.186927040815353163e-01 7.949352942407130751e-01
7.877400207519531250e+01 7.337999725341796875e+01 6.017916563749313719e-01 7.889721389114856542e-01
7.956399536132812500e+01 7.354000091552734375e+01 5.798254170864820534e-01 7.836529105901718362e-01
8.015399932861328125e+01 7.361999511718750000e+01 5.625071300268172925e-01 7.773415075242519068e-01
8.076599884033203125e+01 7.412999725341796875e+01 5.445715318173169894e-01 7.724901919066905487e-01
8.130200195312500000e+01 7.469000244140625000e+01 5.324281339049339312e-01 7.661990898847580445e-01
8.193000030517578125e+01 7.469999694824218750e+01 5.135729679763316735e-01 7.611221867799758956e-01
8.249199676513671875e+01 7.487999725341796875e+01 4.979864592850208327e-01 7.581519779562949646e-01
8.280799865722656250e+01 7.480000305175781250e+01 4.870431123971938892e-01 7.539746452867984727e-01
8.323799896240234375e+01 7.537000274658203125e+01 4.738325497359037186e-01 7.529752691090106920e-01
8.389199829101562500e+01 7.494999694824218750e+01 4.558671285063028433e-01 7.572124615311622842e-01
8.447800445556640625e+01 7.523999786376953125e+01 4.410920392572879600e-01 7.500391066074371116e-01
8.469400024414062500e+01 7.536000061035156250e+01 4.360718715488910435e-01 7.516557098925114033e-01
8.543999481201171875e+01 7.576000213623046875e+01 4.146301136165857493e-01 7.474333897233009782e-01
8.581600189208984375e+01 7.551000213623046875e+01 4.040514956861734341e-01 7.459264287352561640e-01
8.633200073242187500e+01 7.584999847412109375e+01 3.913909951299429091e-01 7.474838772416114718e-01
8.676999664306640625e+01 7.563999938964843750e+01 3.820963758230209173e-01 7.455412906408309670e-01
8.684600067138671875e+01 7.575000000000000000e+01 3.713759405091404675e-01 7.423515264689922732e-01
8.751999664306640625e+01 7.620999908447265625e+01 3.594925212115049340e-01 7.404627662897109719e-01
8.797000122070312500e+01 7.618000030517578125e+01 3.415044890865683302e-01 7.391541445255279674e-01
8.834400177001953125e+01 7.631000518798828125e+01 3.372994866669177805e-01 7.364893686771393222e-01
8.848400115966796875e+01 7.661000061035156250e+01 3.251794885173440175e-01 7.390650478005409418e-01
8.895000457763671875e+01 7.686000061035156250e+01 3.165770333111286305e-01 7.330210617184639288e-01
8.927600097656250000e+01 7.677000427246093750e+01 3.088310766294598553e-01 7.329874800145625979e-01
8.960800170898437500e+01 7.693000030517578125e+01 2.970788557007909003e-01 7.346410918235778409e-01
9.013000488281250000e+01 7.674000549316406250e+01 2.868886122778058212e-01 7.355264885723591384e-01
9.007599639892578125e+01 7.652000427246093750e+01 2.813740522116422449e-01 7.370731132477521541e-01
9.057400512695312500e+01 7.688000488281250000e+01 2.708863699957728133e-01 7.425430262833834227e-01
9.095199584960937500e+01 7.727000427246093750e+01 2.636776925101876334e-01 7.391767710447311179e-01
9.102999877929687500e+01 7.713000488281250000e+01 2.605783097147941763e-01 7.434612776339054596e-01
9.138400268554687500e+01 7.700000000000000000e+01 2.494029677286744018e-01 7.446432121098041090e-01
9.177400207519531250e+01 7.731000518798828125e+01 2.400570629686117063e-01 7.460049727559089350e-01
9.220600128173828125e+01 7.723000335693359375e+01 2.305746618732809894e-01 7.464198096096515966e-01
9.240000152587890625e+01 7.735000610351562500e+01 2.206652237996458987e-01 7.529483012855052726e-01
9.253600311279296875e+01 7.704000091552734375e+01 2.172531654685735669e-01 7.546042546629905257e-01
9.290399932861328125e+01 7.745000457763671875e+01 2.097578108087181925e-01 7.579103061556815568e-01
9.309200286865234375e+01 7.746000671386718750e+01 2.030264233797788587e-01 7.673790276050567183e-01
9.308999633789062500e+01 7.741000366210937500e+01 1.998335058055818181e-01 7.653972797095776048e-01
9.359200286865234375e+01 7.736000061035156250e+01 1.900299506895244128e-01 7.629204168915748596e-01
9.362999725341796875e+01 7.731000518798828125e+01 1.851660450957715587e-01 7.695751215517521171e-01
9.385200500488281250e+01 7.734000396728515625e+01 1.816671891212463252e-01 7.702695922553539631e-01
9.408799743652343750e+01 7.781999969482421875e+01 1.746510778386145823e-01 7.745555623620749008e-01
9.420999908447265625e+01 7.779000091552734375e+01 1.706643492039293108e-01 7.799432408809662265e-01
9.434799957275390625e+01 7.770999908447265625e+01 1.664641122333705425e-01 7.862309467792510942e-01
9.462599945068359375e+01 7.761000061035156250e+01 1.598881970103830097e-01 7.836495032906531932e-01
9.474800109863281250e+01 7.766999816894531250e+01 1.580163931585848447e-01 7.876797924935817763e-01
9.495999908447265625e+01 7.755000305175781250e+01 1.517974894531071151e-01 7.934592601656913491e-01
9.531600189208984375e+01 7.766999816894531250e+01 1.434970810692757504e-01 8.013827908039092840e-01
9.524600219726562500e+01 7.779000091552734375e+01 1.432358877249061968e-01 8.044193112105131327e-01
9.551000213623046875e+01 7.791999816894531250e+01 1.363103514313697695e-01 8.072110147774219646e-01
9.558399963378906250e+01 7.798999786376953125e+01 1.334130882024764930e-01 8.127634195983409748e-01
9.567000579833984375e+01 7.818000030517578125e+01 1.290763527322560666e-01 8.114335879683494124e-01
9.572399902343750000e+01 7.800000000000000000e+01 1.291655874829739370e-01 8.306071591377258700e-01
9.600399780273437500e+01 7.787000274658203125e+01 1.214836473800241928e-01 8.333503901958465576e-01
9.599400329589843750e+01 7.798999786376953125e+01 1.224901766628026939e-01 8.360695246607064979e-01
9.630200195312500000e+01 7.794000244140625000e+01 1.144397064018994603e-01 8.314294877648353843e-01
9.640000152587890625e+01 7.813999938964843750e+01 1.108764877263456600e-01 8.354580994695425256e-01
9.630599975585937500e+01 7.774000549316406250e+01 1.118989100381732049e-01 8.435834369063377469e-01
9.634799957275390625e+01 7.777000427246093750e+01 1.117270972342230412e-01 8.426435387134552091e-01
9.667199707031250000e+01 7.780999755859375000e+01 1.014459587335586610e-01 8.481139327585697218e-01
9.676599884033203125e+01 7.802999877929687500e+01 9.844055856019258421e-02 8.461586877703666243e-01
9.683999633789062500e+01 7.788000488281250000e+01 9.776122497301548142e-02 8.529585371911525549e-01
9.682800292968750000e+01 7.822000122070312500e+01 9.592954825330525515e-02 8.553063054382801234e-01
9.706800079345703125e+01 7.819000244140625000e+01 9.055807498190551752e-02 8.489575213938951315e-01
9.714599609375000000e+01 7.833000183105468750e+01 9.029807652626187231e-02 8.580494795739650460e-01
9.719799804687500000e+01 7.826999664306640625e+01 8.741366934310644543e-02 8.607815271615981700e-01
9.729599761962890625e+01 7.844999694824218750e+01 8.536070678755640351e-02 8.658024294674396826e-01
9.722000122070312500e+01 7.815000152587890625e+01 8.436605603108182638e-02 8.723982672393322257e-01
9.741400146484375000e+01 7.833000183105468750e+01 8.167994336131960409e-02 8.742282414436339799e-01
9.744799804687500000e+01 7.816000366210937500e+01 8.055477051530032795e-02 8.828716380894183757e-01
9.758399963378906250e+01 7.825000000000000000e+01 7.712819356843829410e-02 8.840472993254661072e-01
9.744999694824218750e+01 7.822000122070312500e+01 7.917125686816871288e-02 8.830044887959956901e-01
9.779000091552734375e+01 7.801000213623046875e+01 6.947719003353268474e-02 8.891195658594369666e-01
9.768199920654296875e+01 7.836999511718750000e+01 7.188889422360807135e-02 8.925644211471081002e-01
9.794200134277343750e+01 7.791000366210937500e+01 6.792015224369242488e-02 8.950604007393121453e-01
9.782800292968750000e+01 7.840000152587890625e+01 6.872443789499811662e-02 8.959428346902131857e-01
9.779999542236328125e+01 7.833999633789062500e+01 6.904801549925468351e-02 8.954724295437336279e-01
9.774600219726562500e+01 7.827999877929687500e+01 6.794272552896291062e-02 9.101245477050542432e-01
9.794400024414062500e+01 7.829000091552734375e+01 6.299631949956528698e-02 9.038786591589450525e-01
