1.626800000667572021e+01 2.255000025033950806e+01 2.644757509231567383e+00 2.127081394195556641e+00
2.233600020408630371e+01 2.901999950408935547e+01 2.327624797821044922e+00 2.022795200347900391e+00
2.809999883174896240e+01 3.364999890327453613e+01 2.124796628952026367e+00 1.903975248336791992e+00
3.252600133419036865e+01 3.623000085353851318e+01 1.966332316398620605e+00 1.853148818016052246e+00
3.743599951267242432e+01 3.971999883651733398e+01 1.831285119056701660e+00 1.723546266555786133e+00
4.152599871158599854e+01 4.207000136375427246e+01 1.708278894424438477e+00 1.713597655296325684e+00
4.608800113201141357e+01 4.350999891757965088e+01 1.579222440719604492e+00 1.657257080078125000e+00
4.930199980735778809e+01 4.453999996185302734e+01 1.472466588020324707e+00 1.645391941070556641e+00
5.316799879074096680e+01 4.499000012874603271e+01 1.364071846008300781e+00 1.654211878776550293e+00
5.710200071334838867e+01 4.699000120162963867e+01 1.242229938507080078e+00 1.654938101768493652e+00
6.083199977874755859e+01 4.674000144004821777e+01 1.129766821861267090e+00 1.610116243362426758e+00
6.461200118064880371e+01 4.749999940395355225e+01 1.014523863792419434e+00 1.618270397186279297e+00
6.848400235176086426e+01 4.788999855518341064e+01 9.000209569931030273e-01 1.679405331611633301e+00
7.305999994277954102e+01 4.806999862194061279e+01 7.763136029243469238e-01 1.688002943992614746e+00
7.638599872589111328e+01 4.855000078678131104e+01 6.772926449775695801e-01 1.718278527259826660e+00
7.980800271034240723e+01 4.652000069618225098e+01 5.762242078781127930e-01 1.881030440330505371e+00
8.296200037002563477e+01 4.697999954223632812e+01 4.902381002902984619e-01 1.957278728485107422e+00
8.536000251770019531e+01 4.742000102996826172e+01 4.175206124782562256e-01 2.051689147949218750e+00
8.723999857902526855e+01 4.799000024795532227e+01 3.651128113269805908e-01 2.167632341384887695e+00
8.882399797439575195e+01 4.862999916076660156e+01 3.202130198478698730e-01 2.173430204391479492e+00
8.982599973678588867e+01 4.812000095844268799e+01 2.925041317939758301e-01 2.232745647430419922e+00
9.105799794197082520e+01 4.891000092029571533e+01 2.547386884689331055e-01 2.310412406921386719e+00
9.197000265121459961e+01 4.954999983310699463e+01 2.289660423994064331e-01 2.349221944808959961e+00
9.213600158691406250e+01 5.027999877929687500e+01 2.221932560205459595e-01 2.327847719192504883e+00
9.329400062561035156e+01 4.857999980449676514e+01 1.932141929864883423e-01 2.375062227249145508e+00
9.333999752998352051e+01 4.876999855041503906e+01 1.920434981584548950e-01 2.382762432098388672e+00
9.366999864578247070e+01 4.916000068187713623e+01 1.795567572116851807e-01 2.467335939407348633e+00
9.404199719429016113e+01 4.986999928951263428e+01 1.715709716081619263e-01 2.445446968078613281e+00
9.465600252151489258e+01 4.993000030517578125e+01 1.538312137126922607e-01 2.447989940643310547e+00
9.459999799728393555e+01 5.062000155448913574e+01 1.546280533075332642e-01 2.471390724182128906e+00
9.492599964141845703e+01 4.993999898433685303e+01 1.457495391368865967e-01 2.482475280761718750e+00
9.489399790763854980e+01 5.027999877929687500e+01 1.474511474370956421e-01 2.538354158401489258e+00
9.545199871063232422e+01 4.934000074863433838e+01 1.336728483438491821e-01 2.570353507995605469e+00
9.556199908256530762e+01 5.102000236511230469e+01 1.303618997335433960e-01 2.541973114013671875e+00
9.563999772071838379e+01 5.090000033378601074e+01 1.246063783764839172e-01 2.515693902969360352e+00
9.573000073432922363e+01 5.106999874114990234e+01 1.203235238790512085e-01 2.514662265777587891e+00
9.614599943161010742e+01 5.112000107765197754e+01 1.109975874423980713e-01 2.541252851486206055e+00
9.615600109100341797e+01 5.099999904632568359e+01 1.126224100589752197e-01 2.592697620391845703e+00
9.626399874687194824e+01 5.115000009536743164e+01 1.072157919406890869e-01 2.596761465072631836e+00
9.626200199127197266e+01 5.055000185966491699e+01 1.076216101646423340e-01 2.641535758972167969e+00
9.628400206565856934e+01 5.152000188827514648e+01 1.063176095485687256e-01 2.575190067291259766e+00
9.661399722099304199e+01 5.121999979019165039e+01 9.948560595512390137e-02 2.637043952941894531e+00
9.681400060653686523e+01 5.155000090599060059e+01 9.332174807786941528e-02 2.671840429306030273e+00
9.631999731063842773e+01 5.152999758720397949e+01 1.052922680974006653e-01 2.673446655273437500e+00
9.707199931144714355e+01 5.181999802589416504e+01 8.756247907876968384e-02 2.590937137603759766e+00
9.711999893188476562e+01 5.177000164985656738e+01 8.439078181982040405e-02 2.685930728912353516e+00
9.676600098609924316e+01 5.102999806404113770e+01 9.197659045457839966e-02 2.686859130859375000e+00
9.716200232505798340e+01 5.155000090599060059e+01 8.355826884508132935e-02 2.639032840728759766e+00
9.684200286865234375e+01 5.231999754905700684e+01 9.151347726583480835e-02 2.660413980484008789e+00
9.732000231742858887e+01 5.213000178337097168e+01 7.824359089136123657e-02 2.620501518249511719e+00
9.721599817276000977e+01 5.173000097274780273e+01 7.929801940917968750e-02 2.684999465942382812e+00
9.743400216102600098e+01 5.224000215530395508e+01 7.606077194213867188e-02 2.606915235519409180e+00
9.728800058364868164e+01 5.256000161170959473e+01 7.801814377307891846e-02 2.688848972320556641e+00
9.750599861145019531e+01 5.221999883651733398e+01 7.517959177494049072e-02 2.767885684967041016e+00
9.748200178146362305e+01 5.159999728202819824e+01 7.326691597700119019e-02 2.831993579864501953e+00
9.762399792671203613e+01 5.329999923706054688e+01 6.908464431762695312e-02 2.642214059829711914e+00
9.756399989128112793e+01 5.256999731063842773e+01 6.949885189533233643e-02 2.671846389770507812e+00
9.769999980926513672e+01 5.217999815940856934e+01 6.755515933036804199e-02 2.789984941482543945e+00
9.763200283050537109e+01 5.202999711036682129e+01 6.874740868806838989e-02 2.762777090072631836e+00
9.769399762153625488e+01 5.317000150680541992e+01 6.663143634796142578e-02 2.732595682144165039e+00
9.745000004768371582e+01 5.332999825477600098e+01 7.189824432134628296e-02 2.688010215759277344e+00
9.782000184059143066e+01 5.310999751091003418e+01 6.310661882162094116e-02 2.655517578125000000e+00
9.782599806785583496e+01 5.278000235557556152e+01 6.542109698057174683e-02 2.718751668930053711e+00
9.769200086593627930e+01 5.303000211715698242e+01 6.713797152042388916e-02 2.700004577636718750e+00
9.783400297164916992e+01 5.349000096321105957e+01 6.241778284311294556e-02 2.688817262649536133e+00
9.787999987602233887e+01 5.406000018119812012e+01 5.995416641235351562e-02 2.663979768753051758e+00
9.807400107383728027e+01 5.396000146865844727e+01 5.525234714150428772e-02 2.669076681137084961e+00
9.813200235366821289e+01 5.374000072479248047e+01 5.557893589138984680e-02 2.755580186843872070e+00
9.825400114059448242e+01 5.350000262260437012e+01 5.126778781414031982e-02 2.709459781646728516e+00
9.815999865531921387e+01 5.335000157356262207e+01 5.541213229298591614e-02 2.689783811569213867e+00
9.799000024795532227e+01 5.346999764442443848e+01 5.720929801464080811e-02 2.790369033813476562e+00
9.777600169181823730e+01 5.346999764442443848e+01 6.230596080422401428e-02 2.634933710098266602e+00
9.830399751663208008e+01 5.471000075340270996e+01 5.032334476709365845e-02 2.659458875656127930e+00
9.810199737548828125e+01 5.307999849319458008e+01 5.572607368230819702e-02 2.729243040084838867e+00
9.832599759101867676e+01 5.425000190734863281e+01 4.811439290642738342e-02 2.703091859817504883e+00
9.816799759864807129e+01 5.364999771118164062e+01 5.138729512691497803e-02 2.731842279434204102e+00
9.836999773979187012e+01 5.485000014305114746e+01 4.839297756552696228e-02 2.691489219665527344e+00
9.832000136375427246e+01 5.422000288963317871e+01 4.898302629590034485e-02 2.753565073013305664e+00
9.808999896049499512e+01 5.397999882698059082e+01 5.536465346813201904e-02 2.698108673095703125e+00
9.844999909400939941e+01 5.394999980926513672e+01 4.701713845133781433e-02 2.715402841567993164e+00
9.842200279235839844e+01 5.403000116348266602e+01 4.505146667361259460e-02 2.747158288955688477e+00
9.848200082778930664e+01 5.422000288963317871e+01 4.533464834094047546e-02 2.720413446426391602e+00
9.843599796295166016e+01 5.508000254631042480e+01 4.717442020773887634e-02 2.676699638366699219e+00
9.844599962234497070e+01 5.486999750137329102e+01 4.577999562025070190e-02 2.685811758041381836e+00
9.860200285911560059e+01 5.504999756813049316e+01 4.065852239727973938e-02 2.792538404464721680e+00
9.836800098419189453e+01 5.546000003814697266e+01 4.763930663466453552e-02 2.681205272674560547e+00
9.846000075340270996e+01 5.480999946594238281e+01 4.423408582806587219e-02 2.733940362930297852e+00
9.854000210762023926e+01 5.479999780654907227e+01 4.322750493884086609e-02 2.695832014083862305e+00
9.845200181007385254e+01 5.558000206947326660e+01 4.485532641410827637e-02 2.633449316024780273e+00
9.868000149726867676e+01 5.496000051498413086e+01 4.040799289941787720e-02 2.743471860885620117e+00
9.847599864006042480e+01 5.483000278472900391e+01 4.422144219279289246e-02 2.730080366134643555e+00
9.866600036621093750e+01 5.450000166893005371e+01 3.854563459753990173e-02 2.793053865432739258e+00
9.871600270271301270e+01 5.410000085830688477e+01 3.893477469682693481e-02 2.865256309509277344e+00
9.867399930953979492e+01 5.440999865531921387e+01 3.892244026064872742e-02 2.782093763351440430e+00
9.851800203323364258e+01 5.493999719619750977e+01 4.316885396838188171e-02 2.688402652740478516e+00
9.868800044059753418e+01 5.461000204086303711e+01 3.787770122289657593e-02 2.792406797409057617e+00
9.844999909400939941e+01 5.577999949455261230e+01 4.554215446114540100e-02 2.700891494750976562e+00
9.875800013542175293e+01 5.552999973297119141e+01 3.668322414159774780e-02 2.741069793701171875e+00
9.881600141525268555e+01 5.547000169754028320e+01 3.544272109866142273e-02 2.701358795166015625e+00
9.886800050735473633e+01 5.561000108718872070e+01 3.277166560292243958e-02 2.743916988372802734e+00
