1.665199995040893555e+01 2.127999961376190186e+01 2.270946025848388672e+00 2.127600669860839844e+00
2.433200031518936157e+01 2.660999894142150879e+01 2.029768943786621094e+00 1.967160701751708984e+00
2.917999923229217529e+01 3.095999956130981445e+01 1.888320446014404297e+00 1.862387657165527344e+00
3.383199870586395264e+01 3.422000110149383545e+01 1.779421091079711914e+00 1.779138922691345215e+00
3.748599886894226074e+01 3.655999898910522461e+01 1.688232183456420898e+00 1.707939028739929199e+00
4.094800055027008057e+01 4.036000072956085205e+01 1.598333120346069336e+00 1.639967799186706543e+00
4.446600079536437988e+01 4.226999878883361816e+01 1.516564369201660156e+00 1.588412880897521973e+00
4.699400067329406738e+01 4.345999956130981445e+01 1.449929237365722656e+00 1.564477562904357910e+00
4.967400133609771729e+01 4.483999907970428467e+01 1.376578092575073242e+00 1.529026269912719727e+00
5.261200070381164551e+01 4.541000127792358398e+01 1.314831256866455078e+00 1.515252351760864258e+00
5.485399961471557617e+01 4.627000093460083008e+01 1.245923876762390137e+00 1.531677126884460449e+00
5.773000121116638184e+01 4.650999903678894043e+01 1.177638053894042969e+00 1.508619189262390137e+00
6.002399921417236328e+01 4.702000021934509277e+01 1.114423155784606934e+00 1.515228033065795898e+00
6.229400038719177246e+01 4.697000086307525635e+01 1.052692174911499023e+00 1.539564609527587891e+00
6.442400217056274414e+01 4.751000106334686279e+01 9.926131963729858398e-01 1.576141238212585449e+00
6.626600027084350586e+01 4.726999998092651367e+01 9.368663430213928223e-01 1.632907271385192871e+00
6.824399828910827637e+01 4.699000120162963867e+01 8.853210806846618652e-01 1.629033923149108887e+00
7.062600255012512207e+01 4.648999869823455811e+01 8.220939636230468750e-01 1.699141383171081543e+00
7.184600234031677246e+01 4.661000072956085205e+01 7.823107242584228516e-01 1.744112253189086914e+00
7.381600141525268555e+01 4.607999920845031738e+01 7.328877449035644531e-01 1.791449666023254395e+00
7.535399794578552246e+01 4.688999950885772705e+01 6.862961053848266602e-01 1.832602739334106445e+00
7.676600217819213867e+01 4.614999890327453613e+01 6.504983305931091309e-01 1.889922022819519043e+00
7.795799970626831055e+01 4.661999940872192383e+01 6.105858087539672852e-01 1.944550991058349609e+00
7.943599820137023926e+01 4.740000069141387939e+01 5.769648551940917969e-01 1.967868328094482422e+00
8.061599731445312500e+01 4.665000140666961670e+01 5.437282323837280273e-01 2.009509563446044922e+00
8.171600103378295898e+01 4.668999910354614258e+01 5.154337286949157715e-01 2.023046970367431641e+00
8.248199820518493652e+01 4.648000001907348633e+01 4.906905889511108398e-01 2.063268661499023438e+00
8.319000005722045898e+01 4.656000137329101562e+01 4.716344475746154785e-01 2.119257450103759766e+00
8.392800092697143555e+01 4.674000144004821777e+01 4.475490748882293701e-01 2.138110160827636719e+00
8.491399884223937988e+01 4.650999903678894043e+01 4.250352978706359863e-01 2.213411808013916016e+00
