1.215000003576278687e+01 1.380999982357025146e+01 2.291713476181030273e+00 2.276057481765747070e+00
1.464200019836425781e+01 1.588999927043914795e+01 2.265088558197021484e+00 2.253553390502929688e+00
1.680999994277954102e+01 1.764000058174133301e+01 2.245306491851806641e+00 2.236217498779296875e+00
1.828600019216537476e+01 1.847999989986419678e+01 2.229831457138061523e+00 2.222587585449218750e+00
1.914000064134597778e+01 1.905999928712844849e+01 2.217497587203979492e+00 2.211674690246582031e+00
1.960799992084503174e+01 1.962999999523162842e+01 2.207537651062011719e+00 2.202830553054809570e+00
2.015399932861328125e+01 1.997999995946884155e+01 2.199400901794433594e+00 2.195581912994384766e+00
2.038599997758865356e+01 2.020000070333480835e+01 2.192680835723876953e+00 2.189545392990112305e+00
2.060800045728683472e+01 2.034000009298324585e+01 2.187050104141235352e+00 2.184463977813720703e+00
2.091200053691864014e+01 2.053000032901763916e+01 2.182283163070678711e+00 2.180166244506835938e+00
2.092200070619583130e+01 2.080000042915344238e+01 2.178202390670776367e+00 2.176447629928588867e+00
2.114800065755844116e+01 2.073999941349029541e+01 2.174657106399536133e+00 2.173191547393798828e+00
2.111400067806243896e+01 2.089000046253204346e+01 2.171557664871215820e+00 2.170344829559326172e+00
2.120600044727325439e+01 2.108999937772750854e+01 2.168803215026855469e+00 2.167774438858032227e+00
2.124799937009811401e+01 2.119999974966049194e+01 2.166349887847900391e+00 2.165481328964233398e+00
2.136400043964385986e+01 2.113000005483627319e+01 2.164124250411987305e+00 2.163433313369750977e+00
2.143000066280364990e+01 2.122000008821487427e+01 2.162125587463378906e+00 2.161562204360961914e+00
2.133799940347671509e+01 2.126999944448471069e+01 2.160307884216308594e+00 2.159883499145507812e+00
2.137999981641769409e+01 2.131000012159347534e+01 2.158654451370239258e+00 2.158321380615234375e+00
2.125999927520751953e+01 2.136999964714050293e+01 2.157098770141601562e+00 2.156886577606201172e+00
2.138800024986267090e+01 2.128999978303909302e+01 2.155697584152221680e+00 2.155583381652832031e+00
2.145600020885467529e+01 2.136999964714050293e+01 2.154398679733276367e+00 2.154363870620727539e+00
2.155400067567825317e+01 2.136999964714050293e+01 2.153185844421386719e+00 2.153228044509887695e+00
2.145799994468688965e+01 2.131000012159347534e+01 2.152060985565185547e+00 2.152181863784790039e+00
2.151000052690505981e+01 2.143000066280364990e+01 2.151015996932983398e+00 2.151187181472778320e+00
2.150399982929229736e+01 2.145999968051910400e+01 2.150040149688720703e+00 2.150275230407714844e+00
2.149000018835067749e+01 2.160000056028366089e+01 2.149122476577758789e+00 2.149422407150268555e+00
2.161599993705749512e+01 2.153999954462051392e+01 2.148265361785888672e+00 2.148637533187866211e+00
2.156199961900711060e+01 2.138999998569488525e+01 2.147464275360107422e+00 2.147907733917236328e+00
2.155600041151046753e+01 2.142000049352645874e+01 2.146709918975830078e+00 2.147203683853149414e+00
2.165199965238571167e+01 2.146999984979629517e+01 2.145983695983886719e+00 2.146538972854614258e+00
2.159200012683868408e+01 2.157000005245208740e+01 2.145314931869506836e+00 2.145918130874633789e+00
2.164999991655349731e+01 2.158000022172927856e+01 2.144676208496093750e+00 2.145325660705566406e+00
2.168000042438507080e+01 2.164999991655349731e+01 2.144063234329223633e+00 2.144771814346313477e+00
2.167599946260452271e+01 2.152999937534332275e+01 2.143498420715332031e+00 2.144227027893066406e+00
2.173800021409988403e+01 2.154999971389770508e+01 2.142948389053344727e+00 2.143710851669311523e+00
2.168200016021728516e+01 2.148000001907348633e+01 2.142444133758544922e+00 2.143282890319824219e+00
2.168000042438507080e+01 2.155999988317489624e+01 2.141947269439697266e+00 2.142838954925537109e+00
2.173800021409988403e+01 2.158000022172927856e+01 2.141474008560180664e+00 2.142413139343261719e+00
2.175800055265426636e+01 2.152000069618225098e+01 2.141034126281738281e+00 2.142024278640747070e+00
2.174800038337707520e+01 2.152999937534332275e+01 2.140612125396728516e+00 2.141648530960083008e+00
2.176200002431869507e+01 2.160000056028366089e+01 2.140208482742309570e+00 2.141297817230224609e+00
2.177000045776367188e+01 2.162999957799911499e+01 2.139823198318481445e+00 2.140980958938598633e+00
2.176399976015090942e+01 2.161999940872192383e+01 2.139452457427978516e+00 2.140659809112548828e+00
2.175399959087371826e+01 2.168000042438507080e+01 2.139096975326538086e+00 2.140356540679931641e+00
2.178599983453750610e+01 2.161000072956085205e+01 2.138762950897216797e+00 2.140020132064819336e+00
2.178799957036972046e+01 2.161999940872192383e+01 2.138433694839477539e+00 2.139739274978637695e+00
2.181600034236907959e+01 2.160000056028366089e+01 2.138125658035278320e+00 2.139515399932861328e+00
2.180400043725967407e+01 2.169000059366226196e+01 2.137825489044189453e+00 2.139251470565795898e+00
2.178599983453750610e+01 2.172999978065490723e+01 2.137534379959106445e+00 2.139009475708007812e+00
2.181999981403350830e+01 2.172999978065490723e+01 2.137255430221557617e+00 2.138777256011962891e+00
2.188200056552886963e+01 2.166000008583068848e+01 2.136981964111328125e+00 2.138564109802246094e+00
2.180200070142745972e+01 2.171999961137771606e+01 2.136723518371582031e+00 2.138366222381591797e+00
2.186399996280670166e+01 2.161000072956085205e+01 2.136474847793579102e+00 2.138157367706298828e+00
2.183600068092346191e+01 2.162999957799911499e+01 2.136235952377319336e+00 2.137974739074707031e+00
2.179799973964691162e+01 2.164999991655349731e+01 2.136009931564331055e+00 2.137778520584106445e+00
2.179600000381469727e+01 2.168000042438507080e+01 2.135782003402709961e+00 2.137592792510986328e+00
2.184000015258789062e+01 2.163999974727630615e+01 2.135558843612670898e+00 2.137441635131835938e+00
2.183600068092346191e+01 2.175000011920928955e+01 2.135347127914428711e+00 2.137273788452148438e+00
2.182199954986572266e+01 2.177000045776367188e+01 2.135145664215087891e+00 2.137133836746215820e+00
