2.055200004577636719e+01 9.960000038146972656e+00 2.469877197384834133e+00 2.374542685747146553e+00
3.333200073242187500e+01 1.000000000000000000e+01 1.964853576302528326e+00 2.355020072460174418e+00
3.902400207519531250e+01 9.989999771118164062e+00 1.785033235549926767e+00 2.350920083522796578e+00
4.133399963378906250e+01 9.979999542236328125e+00 1.703629046440124473e+00 2.336379951238632291e+00
4.316600036621093750e+01 1.000000000000000000e+01 1.638699772357940621e+00 2.347197591066360278e+00
4.431599807739257812e+01 1.000000000000000000e+01 1.606258864760398808e+00 2.338796840906143260e+00
4.542399978637695312e+01 1.031000041961669922e+01 1.576456246137619033e+00 2.333692514896392733e+00
4.599200057983398438e+01 1.001000022888183594e+01 1.561546649575233481e+00 2.338282599449157839e+00
4.645199966430664062e+01 1.005000019073486328e+01 1.541742205858230630e+00 2.345163133144378520e+00
4.686800003051757812e+01 1.038000011444091797e+01 1.528886755466461134e+00 2.330147234201431328e+00
4.723600006103515625e+01 9.979999542236328125e+00 1.523111920833587707e+00 2.334807795286178767e+00
4.753800201416015625e+01 1.071999931335449219e+01 1.514938715577125450e+00 2.336345952749252497e+00
4.786599731445312500e+01 1.135000038146972656e+01 1.505733598887920355e+00 2.334078383445739924e+00
4.779000091552734375e+01 1.131999969482421875e+01 1.507089637994766251e+00 2.333719104528427124e+00
4.790200042724609375e+01 1.094999980926513672e+01 1.503690036654472317e+00 2.326200900077819878e+00
4.779399871826171875e+01 1.015999984741210938e+01 1.500590070247650232e+00 2.335323302745818896e+00
4.777000045776367188e+01 1.050000000000000000e+01 1.502498588204383756e+00 2.337296718358993441e+00
4.791400146484375000e+01 1.018000030517578125e+01 1.496094587087631211e+00 2.342679779529571515e+00
4.805799865722656250e+01 1.028999996185302734e+01 1.498093447089195340e+00 2.337404268980026067e+00
4.820999908447265625e+01 1.059000015258789062e+01 1.491533702015876761e+00 2.328689770698547434e+00
5.166599655151367188e+01 5.551999664306640625e+01 1.386294571638107209e+00 1.281605703830718923e+00
5.670600128173828125e+01 5.913000106811523438e+01 1.233390897035598677e+00 1.173920147418975768e+00
6.013200378417968750e+01 6.165999603271484375e+01 1.136911313652992250e+00 1.100822992026805780e+00
6.320199966430664062e+01 6.384999847412109375e+01 1.051229251146316601e+00 1.041641543209552712e+00
6.540599822998046875e+01 6.586000061035156250e+01 9.893062477707862401e-01 9.914057117700576516e-01
6.734600067138671875e+01 6.711999511718750000e+01 9.336492320597171712e-01 9.539306655526160750e-01
6.866000366210937500e+01 6.794000244140625000e+01 8.921731467247009384e-01 9.257912850379943492e-01
7.036000061035156250e+01 6.881999969482421875e+01 8.513251020312309070e-01 8.969271698594093456e-01
7.137799835205078125e+01 6.963000488281250000e+01 8.167105839550494739e-01 8.704123714566230907e-01
7.249400329589843750e+01 7.029000091552734375e+01 7.812216825485229776e-01 8.519361609220504894e-01
7.360399627685546875e+01 7.113000488281250000e+01 7.520620564818382148e-01 8.351200570166110726e-01
7.469400024414062500e+01 7.173000335693359375e+01 7.224252080321311720e-01 8.208005230128765373e-01
7.560199737548828125e+01 7.222000122070312500e+01 6.974277740418910465e-01 8.089845603704453048e-01
7.623000335693359375e+01 7.280999755859375000e+01 6.742198379635810923e-01 7.935769416391849074e-01
7.690599822998046875e+01 7.293000030517578125e+01 6.510668876171111785e-01 7.841717651486397322e-01
7.789599609375000000e+01 7.350999450683593750e+01 6.232528760433196924e-01 7.715055663883686465e-01
7.868999481201171875e+01 7.409999847412109375e+01 6.053672826290130704e-01 7.610883933305739868e-01
7.932999420166015625e+01 7.440000152587890625e+01 5.882663000375032425e-01 7.527109053730964838e-01
8.005400085449218750e+01 7.458999633789062500e+01 5.644612447619438145e-01 7.443842813372612000e-01
8.068000030517578125e+01 7.462000274658203125e+01 5.482922155559063482e-01 7.389732047915458235e-01
8.112599945068359375e+01 7.498999786376953125e+01 5.344665826857090130e-01 7.303676171600819167e-01
8.165799713134765625e+01 7.561000061035156250e+01 5.149094025492668703e-01 7.232423652708530604e-01
8.247200012207031250e+01 7.566000366210937500e+01 4.961566080302000081e-01 7.187810149788856906e-01
8.322200012207031250e+01 7.580999755859375000e+01 4.798810640573501485e-01 7.190238797664642023e-01
8.371800231933593750e+01 7.609000396728515625e+01 4.640459766089916060e-01 7.112322485446930243e-01
8.413599395751953125e+01 7.625000000000000000e+01 4.490867277383804312e-01 7.112021458148956032e-01
8.487599945068359375e+01 7.611000061035156250e+01 4.343955666869878662e-01 7.064294539391994254e-01
8.508599853515625000e+01 7.673000335693359375e+01 4.247980980873107826e-01 7.016117580235003981e-01
8.574600219726562500e+01 7.658000183105468750e+01 4.098709299713373388e-01 7.042895272374153359e-01
8.598799896240234375e+01 7.666000366210937500e+01 3.970302421599626319e-01 7.014728412032127380e-01
8.678399658203125000e+01 7.681000518798828125e+01 3.781016979217529106e-01 7.016939648985862643e-01
8.695399475097656250e+01 7.683000183105468750e+01 3.717587622255086877e-01 6.983099851012229964e-01
8.766400146484375000e+01 7.687000274658203125e+01 3.566790230348706459e-01 6.961286351084708945e-01
8.789799499511718750e+01 7.715000152587890625e+01 3.476152842119336062e-01 6.961131295561790999e-01
8.846799468994140625e+01 7.715000152587890625e+01 3.335936781764030634e-01 6.967628788948059260e-01
8.887400054931640625e+01 7.693000030517578125e+01 3.231338598057627576e-01 6.964342309534550246e-01
8.898000335693359375e+01 7.705000305175781250e+01 3.173683594018220644e-01 6.989419551193714053e-01
8.966600036621093750e+01 7.746000671386718750e+01 2.997115453034639443e-01 6.945663623511790785e-01
8.997200012207031250e+01 7.752999877929687500e+01 2.921906881779432474e-01 6.977135428786277460e-01
9.033200073242187500e+01 7.749000549316406250e+01 2.811765407770872027e-01 7.002580890059471042e-01
9.056599426269531250e+01 7.731999969482421875e+01 2.752889731228351788e-01 7.058848209679127184e-01
9.137200164794921875e+01 7.765000152587890625e+01 2.578077217862009829e-01 7.021905057132243888e-01
9.139199829101562500e+01 7.719000244140625000e+01 2.523485133573412642e-01 7.080860273540019456e-01
9.194200134277343750e+01 7.744000244140625000e+01 2.382236692756414531e-01 7.072718201577663510e-01
9.184999847412109375e+01 7.755000305175781250e+01 2.352963668890297455e-01 7.099912536889314563e-01
9.205200195312500000e+01 7.770999908447265625e+01 2.282983365803956943e-01 7.146387809514999079e-01
9.259799957275390625e+01 7.755000305175781250e+01 2.189469914771616510e-01 7.207958747446536751e-01
9.293800354003906250e+01 7.747000122070312500e+01 2.090586427301168448e-01 7.255508740246295885e-01
9.289199829101562500e+01 7.762000274658203125e+01 2.083286484293639662e-01 7.289986526221037266e-01
9.315999603271484375e+01 7.752999877929687500e+01 1.997346541620790839e-01 7.298899829387665017e-01
9.362799835205078125e+01 7.768000030517578125e+01 1.908048421293496999e-01 7.297139246761799036e-01
9.380599975585937500e+01 7.773000335693359375e+01 1.832162912711501057e-01 7.386559186875820693e-01
9.412200164794921875e+01 7.794000244140625000e+01 1.770490685217082638e-01 7.395863902568816650e-01
9.431999969482421875e+01 7.779000091552734375e+01 1.697856021691113715e-01 7.415050674229860528e-01
9.470600128173828125e+01 7.787000274658203125e+01 1.628745660446584143e-01 7.480128841847181187e-01
9.473799896240234375e+01 7.775000000000000000e+01 1.602455385960638579e-01 7.513738934695720628e-01
9.507399749755859375e+01 7.791000366210937500e+01 1.515900837965309667e-01 7.563137067109346745e-01
9.510199737548828125e+01 7.786000061035156250e+01 1.479690918773412800e-01 7.607129581272602525e-01
9.532799530029296875e+01 7.776000213623046875e+01 1.409368839319795341e-01 7.672074660658836365e-01
9.561000061035156250e+01 7.787000274658203125e+01 1.377799885384738410e-01 7.669599013030529155e-01
9.558599853515625000e+01 7.794000244140625000e+01 1.331856420636177152e-01 7.746078758686780752e-01
9.569400024414062500e+01 7.802000427246093750e+01 1.300226957723498444e-01 7.753815609216689886e-01
9.597399902343750000e+01 7.827999877929687500e+01 1.221474801097065244e-01 7.833593429625034243e-01
9.612400054931640625e+01 7.836999511718750000e+01 1.189094822248443900e-01 7.841440033912658869e-01
9.624800109863281250e+01 7.798000335693359375e+01 1.174556393604725552e-01 7.950463491678237959e-01
9.632800292968750000e+01 7.794999694824218750e+01 1.119546175338327898e-01 7.963342725485563767e-01
9.647000122070312500e+01 7.794000244140625000e+01 1.091018551820889110e-01 8.027077297866344052e-01
9.662400054931640625e+01 7.798999786376953125e+01 1.040574551746249188e-01 8.048710988461971194e-01
9.664199829101562500e+01 7.798999786376953125e+01 1.036364347683265824e-01 8.074949087202548670e-01
9.694999694824218750e+01 7.784000396728515625e+01 9.695085594616829894e-02 8.214111538231372300e-01
9.701000213623046875e+01 7.826999664306640625e+01 9.310086255241185882e-02 8.196821384131908195e-01
9.719200134277343750e+01 7.802999877929687500e+01 8.958895662426948070e-02 8.273483029007911993e-01
9.719599914550781250e+01 7.802000427246093750e+01 8.862753931619227199e-02 8.317762026190758107e-01
9.721599578857421875e+01 7.820999908447265625e+01 8.778542990563437121e-02 8.307618194818496837e-01
9.730200195312500000e+01 7.809999847412109375e+01 8.538946680631488706e-02 8.378829334676265450e-01
9.729599761962890625e+01 7.823999786376953125e+01 8.462888788152486685e-02 8.392472910881042525e-01
9.738800048828125000e+01 7.844999694824218750e+01 8.101324334833770457e-02 8.494209480285644931e-01
9.755200195312500000e+01 7.808000183105468750e+01 7.757251515146344756e-02 8.467828336358070862e-01
9.761800384521484375e+01 7.856999969482421875e+01 7.464205922372639523e-02 8.486614762246609267e-01
9.764199829101562500e+01 7.816000366210937500e+01 7.468627337971701918e-02 8.505389600992202537e-01
