5.000000000000000000e+01 5.000000000000000000e+01 6.935265064239501953e-01 6.928663849830627441e-01
5.000000000000000000e+01 5.000000000000000000e+01 6.921090483665466309e-01 6.895732283592224121e-01
4.993333220481872559e+01 5.009999871253967285e+01 6.876507997512817383e-01 6.796138882637023926e-01
5.156666636466979980e+01 5.509999990463256836e+01 6.750195026397705078e-01 6.614959239959716797e-01
5.609999895095825195e+01 6.060000061988830566e+01 6.625456213951110840e-01 6.617042422294616699e-01
5.843333601951599121e+01 6.060000061988830566e+01 6.554968953132629395e-01 6.371215581893920898e-01
5.910000205039978027e+01 5.830000042915344238e+01 6.505057215690612793e-01 7.344025373458862305e-01
5.649999976158142090e+01 6.019999980926513672e+01 6.605319976806640625e-01 6.586658358573913574e-01
5.960000157356262207e+01 6.420000195503234863e+01 6.401820778846740723e-01 6.431037187576293945e-01
6.113333106040954590e+01 6.119999885559082031e+01 6.417737007141113281e-01 6.260601878166198730e-01
6.060000061988830566e+01 6.560000181198120117e+01 6.388311982154846191e-01 6.106662750244140625e-01
6.256666779518127441e+01 6.470000147819519043e+01 6.303252577781677246e-01 6.087445616722106934e-01
6.403333544731140137e+01 6.549999713897705078e+01 6.219035387039184570e-01 6.210882663726806641e-01
6.443333625793457031e+01 6.480000019073486328e+01 6.243405938148498535e-01 6.334694623947143555e-01
6.330000162124633789e+01 6.280000209808349609e+01 6.343715190887451172e-01 6.180802583694458008e-01
6.269999742507934570e+01 6.660000085830688477e+01 6.288899183273315430e-01 6.076462864875793457e-01
6.596666574478149414e+01 6.890000104904174805e+01 6.104285717010498047e-01 6.136898994445800781e-01
6.533333063125610352e+01 6.740000247955322266e+01 6.159097552299499512e-01 6.122679710388183594e-01
6.549999713897705078e+01 6.719999909400939941e+01 6.067916154861450195e-01 6.350006461143493652e-01
6.683333516120910645e+01 6.539999842643737793e+01 6.058546304702758789e-01 6.268492341041564941e-01
6.733333468437194824e+01 6.830000281333923340e+01 6.040330529212951660e-01 6.139433979988098145e-01
6.546666622161865234e+01 6.759999990463256836e+01 6.095058917999267578e-01 6.030001044273376465e-01
6.663333177566528320e+01 6.830000281333923340e+01 6.047878265380859375e-01 6.015430688858032227e-01
6.803333163261413574e+01 6.219999790191650391e+01 5.965110063552856445e-01 6.784092187881469727e-01
6.763333082199096680e+01 7.020000219345092773e+01 5.887430310249328613e-01 5.872560143470764160e-01
