5.113333463668823242e+01 4.860000014305114746e+01 6.931807398796081543e-01 6.823773384094238281e-01
5.426666736602783203e+01 5.519999861717224121e+01 6.777922511100769043e-01 6.749124526977539062e-01
5.799999833106994629e+01 5.720000267028808594e+01 6.661081314086914062e-01 6.454902291297912598e-01
5.733333230018615723e+01 5.559999942779541016e+01 6.431751847267150879e-01 6.829263567924499512e-01
6.359999775886535645e+01 6.499999761581420898e+01 6.038411259651184082e-01 6.110150814056396484e-01
6.959999799728393555e+01 6.700000166893005371e+01 5.604364871978759766e-01 6.147212982177734375e-01
7.680000066757202148e+01 6.980000138282775879e+01 4.818949699401855469e-01 6.334390044212341309e-01
8.266666531562805176e+01 7.039999961853027344e+01 4.051101803779602051e-01 5.900005102157592773e-01
8.973333239555358887e+01 7.319999933242797852e+01 2.727215588092803955e-01 7.150821089744567871e-01
9.506666660308837891e+01 6.980000138282775879e+01 1.779021471738815308e-01 7.631790637969970703e-01
9.800000190734863281e+01 7.139999866485595703e+01 1.062077805399894714e-01 8.653391599655151367e-01
9.826666712760925293e+01 6.999999880790710449e+01 1.007463559508323669e-01 8.260350823402404785e-01
9.913333058357238770e+01 7.020000219345092773e+01 8.003143966197967529e-02 8.916245102882385254e-01
9.993333220481872559e+01 7.039999961853027344e+01 5.855904519557952881e-02 8.426559567451477051e-01
1.000000000000000000e+02 7.059999704360961914e+01 5.179828777909278870e-02 8.395313024520874023e-01
1.000000000000000000e+02 6.919999718666076660e+01 4.917547106742858887e-02 8.670818805694580078e-01
1.000000000000000000e+02 6.980000138282775879e+01 4.714535921812057495e-02 8.685588240623474121e-01
1.000000000000000000e+02 6.980000138282775879e+01 4.559598118066787720e-02 8.814440965652465820e-01
1.000000000000000000e+02 6.999999880790710449e+01 4.434606805443763733e-02 8.872683644294738770e-01
1.000000000000000000e+02 6.980000138282775879e+01 4.335173964500427246e-02 8.945864439010620117e-01
1.000000000000000000e+02 6.980000138282775879e+01 4.249368980526924133e-02 9.041570425033569336e-01
1.000000000000000000e+02 6.919999718666076660e+01 4.169748723506927490e-02 9.061397314071655273e-01
1.000000000000000000e+02 6.919999718666076660e+01 4.095570743083953857e-02 9.185156822204589844e-01
1.000000000000000000e+02 6.919999718666076660e+01 4.030085727572441101e-02 9.305444955825805664e-01
1.000000000000000000e+02 6.919999718666076660e+01 3.967178612947463989e-02 9.153485298156738281e-01
1.000000000000000000e+02 6.940000057220458984e+01 3.911925479769706726e-02 9.318943619728088379e-01
1.000000000000000000e+02 6.940000057220458984e+01 3.860867395997047424e-02 9.347416758537292480e-01
1.000000000000000000e+02 6.959999799728393555e+01 3.810941800475120544e-02 9.400627017021179199e-01
1.000000000000000000e+02 6.980000138282775879e+01 3.765350207686424255e-02 9.346523880958557129e-01
1.000000000000000000e+02 6.980000138282775879e+01 3.725253045558929443e-02 9.386663436889648438e-01
1.000000000000000000e+02 6.980000138282775879e+01 3.687100112438201904e-02 9.424079060554504395e-01
1.000000000000000000e+02 6.980000138282775879e+01 3.650163486599922180e-02 9.404333233833312988e-01
1.000000000000000000e+02 6.980000138282775879e+01 3.617488220334053040e-02 9.546498060226440430e-01
1.000000000000000000e+02 6.959999799728393555e+01 3.588305041193962097e-02 9.413323998451232910e-01
1.000000000000000000e+02 6.959999799728393555e+01 3.561993315815925598e-02 9.512321949005126953e-01
1.000000000000000000e+02 6.959999799728393555e+01 3.537549450993537903e-02 9.541588425636291504e-01
1.000000000000000000e+02 6.980000138282775879e+01 3.515974059700965881e-02 9.507521986961364746e-01
1.000000000000000000e+02 6.980000138282775879e+01 3.496652096509933472e-02 9.569872021675109863e-01
1.000000000000000000e+02 6.980000138282775879e+01 3.478831425309181213e-02 9.527692794799804688e-01
1.000000000000000000e+02 6.999999880790710449e+01 3.461886197328567505e-02 9.675338268280029297e-01
1.000000000000000000e+02 7.020000219345092773e+01 3.448139503598213196e-02 9.726999998092651367e-01
1.000000000000000000e+02 6.980000138282775879e+01 3.432969003915786743e-02 9.665176272392272949e-01
1.000000000000000000e+02 7.020000219345092773e+01 3.419331461191177368e-02 9.678301215171813965e-01
1.000000000000000000e+02 6.999999880790710449e+01 3.405502066016197205e-02 9.638273119926452637e-01
1.000000000000000000e+02 6.940000057220458984e+01 3.393592685461044312e-02 9.695700407028198242e-01
1.000000000000000000e+02 6.959999799728393555e+01 3.383905813097953796e-02 9.825589060783386230e-01
1.000000000000000000e+02 6.959999799728393555e+01 3.375506773591041565e-02 9.714214801788330078e-01
1.000000000000000000e+02 6.919999718666076660e+01 3.364602103829383850e-02 9.825095534324645996e-01
1.000000000000000000e+02 6.899999976158142090e+01 3.354914858937263489e-02 9.732108116149902344e-01
1.000000000000000000e+02 6.940000057220458984e+01 3.346121311187744141e-02 9.902667403221130371e-01
