4.896399974822998047e+01 6.161000132560729980e+01 1.686051130294799805e+00 1.169950366020202637e+00
6.559200286865234375e+01 6.883000135421752930e+01 1.007487058639526367e+00 9.184163212776184082e-01
7.176399827003479004e+01 7.200999855995178223e+01 8.137838840484619141e-01 8.070433139801025391e-01
7.608399987220764160e+01 7.383999824523925781e+01 6.901955604553222656e-01 7.660464644432067871e-01
7.906399965286254883e+01 7.563999891281127930e+01 6.025849580764770508e-01 6.987845897674560547e-01
8.148199915885925293e+01 7.591000199317932129e+01 5.306411981582641602e-01 7.205436229705810547e-01
8.377000093460083008e+01 7.651000022888183594e+01 4.651148915290832520e-01 6.848690509796142578e-01
8.573600053787231445e+01 7.846999764442443848e+01 4.054253995418548584e-01 6.543709039688110352e-01
8.773999810218811035e+01 7.910000085830688477e+01 3.489805161952972412e-01 6.679478883743286133e-01
8.920199871063232422e+01 7.885000109672546387e+01 3.071062862873077393e-01 6.694137454032897949e-01
9.047399759292602539e+01 7.910000085830688477e+01 2.690489888191223145e-01 6.660442352294921875e-01
9.190999865531921387e+01 7.922999858856201172e+01 2.355660796165466309e-01 7.103018760681152344e-01
9.276800155639648438e+01 7.958999872207641602e+01 2.050995528697967529e-01 7.008502483367919922e-01
9.345399737358093262e+01 8.022999763488769531e+01 1.858731061220169067e-01 7.047044634819030762e-01
9.411000013351440430e+01 8.022999763488769531e+01 1.670859903097152710e-01 7.270994186401367188e-01
9.463999867439270020e+01 8.036999702453613281e+01 1.527616381645202637e-01 7.555336952209472656e-01
9.518399834632873535e+01 8.062999844551086426e+01 1.409480124711990356e-01 7.293419837951660156e-01
9.559000134468078613e+01 8.040999770164489746e+01 1.246119663119316101e-01 7.804213762283325195e-01
9.613599777221679688e+01 8.044999837875366211e+01 1.127008274197578430e-01 7.604196071624755859e-01
9.607800245285034180e+01 8.054999709129333496e+01 1.114802137017250061e-01 7.940458059310913086e-01
9.637200236320495605e+01 8.098999857902526855e+01 1.059141829609870911e-01 8.024380207061767578e-01
9.673200249671936035e+01 8.051000237464904785e+01 9.469588845968246460e-02 8.334014415740966797e-01
9.693199992179870605e+01 8.136000037193298340e+01 9.056416153907775879e-02 8.113717436790466309e-01
9.694600105285644531e+01 8.065000176429748535e+01 8.706419169902801514e-02 8.670941591262817383e-01
9.708200097084045410e+01 8.072999715805053711e+01 8.561228215694427490e-02 8.570309281349182129e-01
9.728400111198425293e+01 8.144000172615051270e+01 7.973428815603256226e-02 8.191456794738769531e-01
9.749799966812133789e+01 8.105000257492065430e+01 7.546177506446838379e-02 8.245424032211303711e-01
9.743999838829040527e+01 8.172000050544738770e+01 7.390916347503662109e-02 8.169888257980346680e-01
9.771999716758728027e+01 8.123999834060668945e+01 6.836581230163574219e-02 8.752806782722473145e-01
9.761800169944763184e+01 8.137999773025512695e+01 6.951720267534255981e-02 8.810077905654907227e-01
