1.259600073099136353e+01 1.444000005722045898e+01 2.288082599639892578e+00 2.272098541259765625e+00
1.505199968814849854e+01 1.571999937295913696e+01 2.260595560073852539e+00 2.249931097030639648e+00
1.653199940919876099e+01 1.692000031471252441e+01 2.241616964340209961e+00 2.233534574508666992e+00
1.758199930191040039e+01 1.766999959945678711e+01 2.227072238922119141e+00 2.220715522766113281e+00
1.887599974870681763e+01 1.887000054121017456e+01 2.215511798858642578e+00 2.210444688796997070e+00
1.936399936676025391e+01 1.944999992847442627e+01 2.206160068511962891e+00 2.202102899551391602e+00
1.987400054931640625e+01 1.967000067234039307e+01 2.198475360870361328e+00 2.195173025131225586e+00
2.019599974155426025e+01 1.977999955415725708e+01 2.192054748535156250e+00 2.189387798309326172e+00
2.042800039052963257e+01 1.994999945163726807e+01 2.186655521392822266e+00 2.184518098831176758e+00
2.076400071382522583e+01 2.000000029802322388e+01 2.182063341140747070e+00 2.180353879928588867e+00
2.073400020599365234e+01 2.029999941587448120e+01 2.178097724914550781e+00 2.176688671112060547e+00
2.088800072669982910e+01 2.037000060081481934e+01 2.174623966217041016e+00 2.173483133316040039e+00
2.107799947261810303e+01 2.060000002384185791e+01 2.171568393707275391e+00 2.170654058456420898e+00
2.112600058317184448e+01 2.070000022649765015e+01 2.168853044509887695e+00 2.168123722076416016e+00
2.116000056266784668e+01 2.100999951362609863e+01 2.166412591934204102e+00 2.165847778320312500e+00
2.114199995994567871e+01 2.104000002145767212e+01 2.164222955703735352e+00 2.163781166076660156e+00
2.125999927520751953e+01 2.107000052928924561e+01 2.162214279174804688e+00 2.161911249160766602e+00
2.136600017547607422e+01 2.105000019073486328e+01 2.160385847091674805e+00 2.160192489624023438e+00
2.140199989080429077e+01 2.110999971628189087e+01 2.158735036849975586e+00 2.158627033233642578e+00
2.138199955224990845e+01 2.116000056266784668e+01 2.157203674316406250e+00 2.157164573669433594e+00
2.414200007915496826e+01 3.445999920368194580e+01 4.275457382202148438e+00 2.680868625640869141e+00
3.964999914169311523e+01 4.295000135898590088e+01 2.526426792144775391e+00 2.130177021026611328e+00
4.532400071620941162e+01 4.735000133514404297e+01 2.089008808135986328e+00 1.842215776443481445e+00
4.896000027656555176e+01 5.105000138282775879e+01 1.812970042228698730e+00 1.648945093154907227e+00
5.243200063705444336e+01 5.307000279426574707e+01 1.614115953445434570e+00 1.514177680015563965e+00
5.534600019454956055e+01 5.533999800682067871e+01 1.455210566520690918e+00 1.396803021430969238e+00
5.778399705886840820e+01 5.756999850273132324e+01 1.327709555625915527e+00 1.302592992782592773e+00
5.982599854469299316e+01 5.885000228881835938e+01 1.241297245025634766e+00 1.240387797355651855e+00
6.190199851989746094e+01 6.065000295639038086e+01 1.158111333847045898e+00 1.173946142196655273e+00
6.387799978256225586e+01 6.197000145912170410e+01 1.081508159637451172e+00 1.124463319778442383e+00
6.525400280952453613e+01 6.345000267028808594e+01 1.020485758781433105e+00 1.084274649620056152e+00
6.715000271797180176e+01 6.481000185012817383e+01 9.623809456825256348e-01 1.048482656478881836e+00
6.826400160789489746e+01 6.543999910354614258e+01 9.232838153839111328e-01 1.013974070549011230e+00
6.949599981307983398e+01 6.654999852180480957e+01 8.820667266845703125e-01 9.882737398147583008e-01
7.129399776458740234e+01 6.687999963760375977e+01 8.350201845169067383e-01 9.731656312942504883e-01
7.198200225830078125e+01 6.772999763488769531e+01 8.074359297752380371e-01 9.506722688674926758e-01
7.307599782943725586e+01 6.832000017166137695e+01 7.740462422370910645e-01 9.315170049667358398e-01
7.395399808883666992e+01 6.902999877929687500e+01 7.474974989891052246e-01 9.179646372795104980e-01
7.499200105667114258e+01 6.927999854087829590e+01 7.179201841354370117e-01 9.010537266731262207e-01
7.600600123405456543e+01 6.977000236511230469e+01 6.884768605232238770e-01 8.907145261764526367e-01
7.663999795913696289e+01 7.027000188827514648e+01 6.618002057075500488e-01 8.791285157203674316e-01
7.768399715423583984e+01 7.067999839782714844e+01 6.367198228836059570e-01 8.739303946495056152e-01
7.827000021934509277e+01 7.085000276565551758e+01 6.184087395668029785e-01 8.686552047729492188e-01
7.900400161743164062e+01 7.121000289916992188e+01 5.970984101295471191e-01 8.591153025627136230e-01
7.978199720382690430e+01 7.149999737739562988e+01 5.722966790199279785e-01 8.592157363891601562e-01
8.064000010490417480e+01 7.207000255584716797e+01 5.530436038970947266e-01 8.475432395935058594e-01
8.125799894332885742e+01 7.218999862670898438e+01 5.329088568687438965e-01 8.460062742233276367e-01
8.156200051307678223e+01 7.215999960899353027e+01 5.192136764526367188e-01 8.437177538871765137e-01
8.208199739456176758e+01 7.239000201225280762e+01 5.045622587203979492e-01 8.397033214569091797e-01
8.282200098037719727e+01 7.293000221252441406e+01 4.864737093448638916e-01 8.334319591522216797e-01
