2.460599988698959351e+01 3.467000126838684082e+01 4.111706256866455078e+00 2.636192798614501953e+00
3.967800140380859375e+01 4.325999915599822998e+01 2.488523721694946289e+00 2.094010114669799805e+00
4.583199918270111084e+01 4.787999987602233887e+01 2.037123680114746094e+00 1.824301958084106445e+00
4.940800070762634277e+01 5.070999860763549805e+01 1.783698558807373047e+00 1.624316573143005371e+00
5.260000228881835938e+01 5.311999917030334473e+01 1.585293412208557129e+00 1.485037684440612793e+00
5.568400025367736816e+01 5.512999892234802246e+01 1.426794886589050293e+00 1.378989577293395996e+00
5.787400007247924805e+01 5.740000009536743164e+01 1.317068696022033691e+00 1.285166501998901367e+00
6.019600033760070801e+01 5.924999713897705078e+01 1.220422625541687012e+00 1.212666988372802734e+00
6.246399879455566406e+01 6.079999804496765137e+01 1.129056692123413086e+00 1.160281538963317871e+00
6.431199908256530762e+01 6.244999766349792480e+01 1.064717531204223633e+00 1.109945297241210938e+00
6.590800285339355469e+01 6.391000151634216309e+01 1.004724144935607910e+00 1.070604920387268066e+00
6.725999712944030762e+01 6.503999829292297363e+01 9.557502865791320801e-01 1.033445358276367188e+00
6.896399855613708496e+01 6.583999991416931152e+01 9.071808457374572754e-01 1.007170915603637695e+00
7.007600069046020508e+01 6.661000251770019531e+01 8.673717379570007324e-01 9.839140772819519043e-01
7.142000198364257812e+01 6.733999848365783691e+01 8.287792801856994629e-01 9.580385684967041016e-01
7.252200245857238770e+01 6.844999790191650391e+01 7.946076393127441406e-01 9.371700882911682129e-01
7.315400242805480957e+01 6.924999952316284180e+01 7.724714875221252441e-01 9.180732369422912598e-01
7.442799806594848633e+01 6.973000168800354004e+01 7.327172160148620605e-01 9.015864133834838867e-01
7.506399750709533691e+01 7.032999992370605469e+01 7.126594781875610352e-01 8.887006640434265137e-01
7.607399821281433105e+01 7.092999815940856934e+01 6.815740466117858887e-01 8.746287226676940918e-01
