1.146999931335449219e+01 1.221000003814697266e+01 2.861172370195388837e+00 2.567712200880050588e+00
1.216800022125244141e+01 1.310999965667724609e+01 2.678021186351775995e+00 2.549566663503646691e+00
1.322000026702880859e+01 1.355000019073486328e+01 2.583412162542343182e+00 2.475449422597884919e+00
1.344400024414062500e+01 1.398999977111816406e+01 2.528597450971603600e+00 2.427683374881744349e+00
1.418400001525878906e+01 1.364999961853027344e+01 2.480018172979354674e+00 2.403546017408371149e+00
1.429799938201904297e+01 1.465999889373779297e+01 2.447107903480529867e+00 2.368444844484329348e+00
1.504600048065185547e+01 1.474999904632568359e+01 2.417253449916839436e+00 2.346208949089050311e+00
1.555599975585937500e+01 1.569000053405761719e+01 2.385941448211669869e+00 2.317100049257278638e+00
1.617600059509277344e+01 1.675000000000000000e+01 2.355568919777870196e+00 2.295193896889686780e+00
1.652600097656250000e+01 1.742000007629394531e+01 2.330749449491500869e+00 2.264384605884552037e+00
1.784799957275390625e+01 1.862999916076660156e+01 2.296109710574150142e+00 2.233495693206787092e+00
1.829400062561035156e+01 1.887000083923339844e+01 2.275937706351280010e+00 2.209773550033569123e+00
1.918199920654296875e+01 1.985000038146972656e+01 2.246807527542114435e+00 2.181681283116340797e+00
1.962399864196777344e+01 1.961999893188476562e+01 2.223553477406501777e+00 2.168138260245322968e+00
2.032400131225585938e+01 2.064999961853027344e+01 2.196873420715331982e+00 2.142429595589637970e+00
2.091200065612792969e+01 2.104999923706054688e+01 2.172806249737739392e+00 2.128320498466491628e+00
2.132200050354003906e+01 2.218000030517578125e+01 2.149396888256073002e+00 2.111557776927948105e+00
2.239399909973144531e+01 2.231000137329101562e+01 2.127146450519561860e+00 2.095349739193916427e+00
2.311800003051757812e+01 2.344000053405761719e+01 2.102435906171798763e+00 2.067815631628036499e+00
2.342599868774414062e+01 2.419000053405761719e+01 2.080526965618133328e+00 2.051613767743110550e+00
2.418600082397460938e+01 2.432999992370605469e+01 2.063804277896881256e+00 2.033714507222175616e+00
2.515600013732910156e+01 2.479999923706054688e+01 2.040683247566223102e+00 2.019900149703025782e+00
2.583399963378906250e+01 2.515999984741210938e+01 2.022725691080093480e+00 2.006060858368873490e+00
2.605800056457519531e+01 2.596999931335449219e+01 2.000278764009475907e+00 1.992077414393425006e+00
2.672800064086914062e+01 2.640999794006347656e+01 1.987495429992675700e+00 1.974838514924049271e+00
2.772599983215332031e+01 2.745999908447265625e+01 1.967489807605743435e+00 1.959258631467819312e+00
2.810199928283691406e+01 2.685000038146972656e+01 1.951496392846107542e+00 1.960277368426322830e+00
2.912999916076660156e+01 2.731999969482421875e+01 1.935188952326774681e+00 1.951974097490310589e+00
2.945399856567382812e+01 2.775000000000000000e+01 1.914001757740974474e+00 1.940702348351478479e+00
2.997600173950195312e+01 2.888000106811523438e+01 1.900606967568397421e+00 1.924891130328178379e+00
3.056999969482421875e+01 2.896000099182128906e+01 1.886590300917625473e+00 1.913058375716209403e+00
3.082999801635742188e+01 2.902000045776367188e+01 1.869547879576683114e+00 1.911271219849586478e+00
3.149200057983398438e+01 2.930000114440917969e+01 1.854325197935104308e+00 1.909084897637367328e+00
3.225199890136718750e+01 2.951999855041503906e+01 1.838018463969230742e+00 1.898460320830345216e+00
3.282200241088867188e+01 2.991000175476074219e+01 1.824142836928367650e+00 1.900882887244224495e+00
3.346400070190429688e+01 2.994000053405761719e+01 1.809745187759399521e+00 1.891492022275924612e+00
3.409199905395507812e+01 3.031999969482421875e+01 1.792041647791862591e+00 1.884436129331588772e+00
3.447000122070312500e+01 3.050000000000000000e+01 1.782497750878333953e+00 1.878257956504821857e+00
3.501000213623046875e+01 3.102000045776367188e+01 1.767186310887336687e+00 1.872991307377815273e+00
3.563800048828125000e+01 3.079000091552734375e+01 1.751326796174049294e+00 1.873432400226592964e+00
3.620800018310546875e+01 3.161999893188476562e+01 1.733166945815086457e+00 1.865169960260391280e+00
3.696599960327148438e+01 3.165000152587890625e+01 1.717178348302841107e+00 1.858906759619712856e+00
3.725399780273437500e+01 3.160000228881835938e+01 1.707992420196533301e+00 1.858756371140479979e+00
3.772999954223632812e+01 3.188999938964843750e+01 1.698800589561462404e+00 1.854921382665634111e+00
3.817599868774414062e+01 3.222999954223632812e+01 1.680595755577087402e+00 1.845321524739265362e+00
3.870000076293945312e+01 3.276000213623046875e+01 1.670397982358932554e+00 1.841863762736320576e+00
3.931399917602539062e+01 3.288999938964843750e+01 1.653628303289413459e+00 1.840324990153312745e+00
3.984199905395507812e+01 3.327000045776367188e+01 1.639695096611976544e+00 1.841683253049850366e+00
4.041799926757812500e+01 3.338999938964843750e+01 1.628676226258277904e+00 1.836957373023033080e+00
4.070000076293945312e+01 3.311000061035156250e+01 1.616582556605339116e+00 1.840849914550781286e+00
4.130800247192382812e+01 3.325000000000000000e+01 1.604658158659935108e+00 1.841157552003860554e+00
4.196599960327148438e+01 3.381999969482421875e+01 1.590836484193801859e+00 1.845029019117355285e+00
4.217200088500976562e+01 3.362999725341796875e+01 1.578280277609825033e+00 1.845202617645263610e+00
4.297999954223632812e+01 3.406000137329101562e+01 1.561292152404785138e+00 1.847101626396179253e+00
4.312599945068359375e+01 3.406999969482421875e+01 1.555086386680603061e+00 1.846160688400268590e+00
4.391399765014648438e+01 3.388000106811523438e+01 1.533054381847381631e+00 1.849585511684417760e+00
4.397399902343750000e+01 3.355999755859375000e+01 1.530842255830764831e+00 1.846756147742271370e+00
4.484799957275390625e+01 3.431999969482421875e+01 1.518587227582931520e+00 1.846530249714851468e+00
4.490599822998046875e+01 3.375000000000000000e+01 1.502818637609481867e+00 1.847529985904693639e+00
4.569200134277343750e+01 3.370000076293945312e+01 1.492352895736694274e+00 1.857229875922203011e+00
4.577600097656250000e+01 3.422999954223632812e+01 1.480533552050590451e+00 1.856624249815940875e+00
4.636800003051757812e+01 3.450000000000000000e+01 1.470612126827240074e+00 1.859285342097282356e+00
4.697999954223632812e+01 3.438000106811523438e+01 1.451915125489234848e+00 1.863927450180053791e+00
4.736199951171875000e+01 3.447000122070312500e+01 1.441627504944801297e+00 1.869769269227981479e+00
4.781999969482421875e+01 3.497999954223632812e+01 1.432352029383182623e+00 1.875970067381858897e+00
4.827799987792968750e+01 3.503000259399414062e+01 1.418730867028236364e+00 1.877276868224144080e+00
4.891400146484375000e+01 3.465999984741210938e+01 1.409248963117599507e+00 1.879117000699043194e+00
4.931999969482421875e+01 3.486999893188476562e+01 1.396557011246681190e+00 1.891894643306732071e+00
4.970399856567382812e+01 3.512000274658203125e+01 1.387262307167053121e+00 1.883970207571983302e+00
5.004199600219726562e+01 3.537000274658203125e+01 1.369211728811263962e+00 1.895802098512649581e+00
5.063400268554687500e+01 3.508000183105468750e+01 1.358126888275146493e+00 1.894565191268920978e+00
5.084999847412109375e+01 3.461999893188476562e+01 1.351691151499748278e+00 1.907538266777992320e+00
5.104399871826171875e+01 3.556999969482421875e+01 1.342260297715663908e+00 1.897925328016281110e+00
5.184400177001953125e+01 3.515000152587890625e+01 1.328989706218242750e+00 1.906389838457107633e+00
5.213800048828125000e+01 3.450000000000000000e+01 1.322883061349392042e+00 1.911973550915718079e+00
5.272799682617187500e+01 3.513000106811523438e+01 1.302034232318401319e+00 1.933989817500114450e+00
5.300199890136718750e+01 3.522000122070312500e+01 1.294820175230503079e+00 1.927265164256095842e+00
5.320399856567382812e+01 3.520000076293945312e+01 1.288367567896842925e+00 1.942645738720893966e+00
5.351599884033203125e+01 3.481999969482421875e+01 1.275019234240055033e+00 1.947381500601768511e+00
5.414199829101562500e+01 3.547999954223632812e+01 1.260739545583724919e+00 1.960577126741409382e+00
5.443199920654296875e+01 3.542000198364257812e+01 1.253391384601592939e+00 1.961855012774467388e+00
5.524600219726562500e+01 3.559000015258789062e+01 1.237700191318988896e+00 1.972485780119895837e+00
5.564200210571289062e+01 3.537000274658203125e+01 1.230048717558383853e+00 1.980559681057930010e+00
5.583000183105468750e+01 3.549000167846679688e+01 1.222700201630592343e+00 1.990486170649528486e+00
5.595399856567382812e+01 3.547999954223632812e+01 1.218831442892551520e+00 1.995282275676727224e+00
5.670199966430664062e+01 3.604999923706054688e+01 1.194210774600505731e+00 1.995620889663696218e+00
5.721799850463867188e+01 3.588999938964843750e+01 1.183056049406528532e+00 2.002636880874633984e+00
5.724800109863281250e+01 3.597000122070312500e+01 1.180263854801654855e+00 2.011993265151977628e+00
5.804399871826171875e+01 3.528000259399414062e+01 1.164037164866924323e+00 2.032811605930328280e+00
5.802400207519531250e+01 3.547999954223632812e+01 1.163422325372695854e+00 2.018577300906181371e+00
5.832199859619140625e+01 3.540000152587890625e+01 1.156095998346805542e+00 2.038447245955467224e+00
5.884000015258789062e+01 3.577999877929687500e+01 1.145497065484523791e+00 2.028826299905777120e+00
5.934200286865234375e+01 3.538999938964843750e+01 1.133174105644226159e+00 2.046096546649932790e+00
5.952200317382812500e+01 3.535000228881835938e+01 1.123223401486873607e+00 2.066077389717102086e+00
5.995399856567382812e+01 3.563000106811523438e+01 1.108071919798851113e+00 2.078059208989143425e+00
6.057400131225585938e+01 3.522000122070312500e+01 1.090796918392181292e+00 2.093034932613372590e+00
6.082999801635742188e+01 3.519000244140625000e+01 1.086723872125148871e+00 2.099666571617126554e+00
6.140400314331054688e+01 3.552000045776367188e+01 1.077038119971752250e+00 2.097322842478752225e+00
6.162200164794921875e+01 3.536000061035156250e+01 1.075063674569129990e+00 2.106452422738075203e+00
6.181799697875976562e+01 3.536000061035156250e+01 1.070744092464447128e+00 2.110821786522865118e+00
