1.066199988126754761e+01 1.441999971866607666e+01 2.297228574752807617e+00 2.279738903045654297e+00
1.490599960088729858e+01 1.664000004529953003e+01 2.267108917236328125e+00 2.255732774734497070e+00
1.675200015306472778e+01 1.729999929666519165e+01 2.246693134307861328e+00 2.238172054290771484e+00
1.758400052785873413e+01 1.800000071525573730e+01 2.231212377548217773e+00 2.224531650543212891e+00
1.850399971008300781e+01 1.890999972820281982e+01 2.218957185745239258e+00 2.213546991348266602e+00
1.948200017213821411e+01 1.949000060558319092e+01 2.209011316299438477e+00 2.204610824584960938e+00
1.998399943113327026e+01 1.978999972343444824e+01 2.200839757919311523e+00 2.197225093841552734e+00
2.020400017499923706e+01 1.997999995946884155e+01 2.194067239761352539e+00 2.191131830215454102e+00
2.046799957752227783e+01 2.001000046730041504e+01 2.188412427902221680e+00 2.185995101928710938e+00
2.085800021886825562e+01 2.028000056743621826e+01 2.183619737625122070e+00 2.181616306304931641e+00
2.102800011634826660e+01 2.032999992370605469e+01 2.179473638534545898e+00 2.177803039550781250e+00
2.103800028562545776e+01 2.046999931335449219e+01 2.175870895385742188e+00 2.174475908279418945e+00
2.118400037288665771e+01 2.063000053167343140e+01 2.172697305679321289e+00 2.171504020690917969e+00
2.118799984455108643e+01 2.075999975204467773e+01 2.169875144958496094e+00 2.168857097625732422e+00
2.127200067043304443e+01 2.087000012397766113e+01 2.167334318161010742e+00 2.166484355926513672e+00
2.128800004720687866e+01 2.101999968290328979e+01 2.165053844451904297e+00 2.164329528808593750e+00
2.130199968814849854e+01 2.102999985218048096e+01 2.163000106811523438e+00 2.162423133850097656e+00
2.138399928808212280e+01 2.099000066518783569e+01 2.161128759384155273e+00 2.160670042037963867e+00
2.136999964714050293e+01 2.110999971628189087e+01 2.159418344497680664e+00 2.159039974212646484e+00
2.144200056791305542e+01 2.117999941110610962e+01 2.157829761505126953e+00 2.157552480697631836e+00
2.147199958562850952e+01 2.127999961376190186e+01 2.156372070312500000e+00 2.156198263168334961e+00
2.140800058841705322e+01 2.125999927520751953e+01 2.155011892318725586e+00 2.154905557632446289e+00
2.148199975490570068e+01 2.119999974966049194e+01 2.153757333755493164e+00 2.153744697570800781e+00
2.146199941635131836e+01 2.114000022411346436e+01 2.152602434158325195e+00 2.152669906616210938e+00
2.138600051403045654e+01 2.123000025749206543e+01 2.151520252227783203e+00 2.151619672775268555e+00
2.152999937534332275e+01 2.126999944448471069e+01 2.150511980056762695e+00 2.150689125061035156e+00
2.150399982929229736e+01 2.126999944448471069e+01 2.149565219879150391e+00 2.149818658828735352e+00
2.148399949073791504e+01 2.125000059604644775e+01 2.148673534393310547e+00 2.148982763290405273e+00
2.148199975490570068e+01 2.133000046014785767e+01 2.147830009460449219e+00 2.148221731185913086e+00
2.160599976778030396e+01 2.137999981641769409e+01 2.147042989730834961e+00 2.147467613220214844e+00
