1.307000000000001094e+01 1.799000000000000199e+01 2.301541299935892404e+00 2.267979700663107057e+00
1.931399999999997164e+01 2.132000000000000028e+01 2.244431707077408245e+00 2.219156539132672634e+00
2.236199999999997701e+01 2.396999999999999886e+01 2.199757096410444923e+00 2.175357495389696361e+00
2.442400000000001015e+01 2.541999999999999815e+01 2.156102314147498866e+00 2.136209013558989511e+00
2.583000000000000895e+01 2.657999999999999829e+01 2.120318403311173050e+00 2.102557910587667056e+00
2.637000000000004363e+01 2.767999999999999972e+01 2.091481106423785263e+00 2.073603789789752128e+00
2.754800000000002669e+01 2.817000000000000171e+01 2.065303851011517366e+00 2.048937519557326947e+00
2.822000000000000952e+01 2.887000000000000099e+01 2.037615843080888833e+00 2.026762360278306918e+00
2.887000000000003297e+01 2.927000000000000313e+01 2.018193734093657099e+00 2.007179631428224642e+00
2.938200000000001566e+01 2.945999999999999730e+01 1.999506961926761806e+00 1.990490484261867810e+00
2.939399999999999125e+01 3.008000000000000185e+01 1.990461876405629882e+00 1.975634739743357571e+00
3.054399999999999338e+01 3.064000000000000057e+01 1.969000598351063669e+00 1.962474790560852833e+00
3.078399999999997405e+01 3.108000000000000185e+01 1.959849010779842304e+00 1.950130580843897787e+00
3.133599999999993813e+01 3.135000000000000142e+01 1.942848464093368976e+00 1.939119410492980533e+00
3.166799999999993886e+01 3.231000000000000227e+01 1.934299900562159502e+00 1.928987378420436993e+00
3.220399999999994378e+01 3.275000000000000000e+01 1.919266455725752607e+00 1.918922216175664053e+00
3.247599999999992093e+01 3.301999999999999602e+01 1.917810992771863177e+00 1.910473875145968670e+00
3.304199999999997317e+01 3.348999999999999488e+01 1.908546697428383343e+00 1.902337584908009971e+00
3.325799999999991030e+01 3.350000000000000000e+01 1.897954602061639795e+00 1.894985312762285101e+00
3.352999999999994429e+01 3.375999999999999801e+01 1.894138441849271493e+00 1.887850257926804387e+00
3.383199999999992258e+01 3.442000000000000171e+01 1.891783911581631283e+00 1.881261545062386409e+00
3.418199999999993111e+01 3.417999999999999972e+01 1.878497847037258639e+00 1.874892167803744458e+00
3.418999999999994088e+01 3.469999999999999574e+01 1.873926424510482747e+00 1.869099810879854884e+00
3.442399999999988580e+01 3.503999999999999915e+01 1.873844714103163334e+00 1.863711406073746524e+00
3.467599999999995930e+01 3.514999999999999858e+01 1.864853064588362752e+00 1.858386658759023202e+00
3.506999999999990791e+01 3.557000000000000028e+01 1.854095893646666271e+00 1.852818653568904184e+00
3.502399999999991564e+01 3.554999999999999716e+01 1.849653917705503581e+00 1.848362698986801389e+00
3.557399999999987017e+01 3.582000000000000028e+01 1.841934487871740966e+00 1.843469551444980814e+00
3.554799999999986682e+01 3.594999999999999574e+01 1.839238245741202871e+00 1.838755636758933942e+00
3.590199999999984470e+01 3.617000000000000171e+01 1.835455058452327259e+00 1.834201807263130313e+00
3.590599999999990644e+01 3.607999999999999829e+01 1.830555654052800518e+00 1.830115342583046312e+00
3.574399999999988609e+01 3.632000000000000028e+01 1.834263684844509301e+00 1.826129379967888822e+00
3.635799999999987620e+01 3.655999999999999517e+01 1.825127417459312174e+00 1.821992430152302278e+00
3.612599999999989819e+01 3.682000000000000028e+01 1.822344077677526375e+00 1.818123911838619433e+00
3.649999999999990763e+01 3.675999999999999801e+01 1.817009268585043191e+00 1.814261011121610867e+00
3.672399999999987585e+01 3.705999999999999517e+01 1.817708357432355148e+00 1.810932145411376926e+00
3.671799999999990405e+01 3.716999999999999460e+01 1.812413236115688830e+00 1.807601684853619606e+00
3.677599999999991098e+01 3.713000000000000256e+01 1.809454016055374925e+00 1.804215488196919903e+00
3.687599999999987688e+01 3.729999999999999716e+01 1.809416134693957456e+00 1.800492684087620976e+00
3.712799999999987222e+01 3.732000000000000028e+01 1.802117614401722578e+00 1.797658614317250381e+00
3.763399999999984402e+01 3.757000000000000028e+01 1.796473763201626772e+00 1.793923059363738526e+00
3.727599999999991098e+01 3.775000000000000000e+01 1.801083066248840403e+00 1.791107585199813057e+00
3.749199999999989785e+01 3.784000000000000341e+01 1.790338348703669480e+00 1.787767783017473411e+00
3.781399999999984374e+01 3.800000000000000000e+01 1.787963237843477549e+00 1.784524058655888812e+00
3.776399999999991053e+01 3.798000000000000398e+01 1.783667848524568500e+00 1.781589177106242872e+00
3.757599999999987972e+01 3.803999999999999915e+01 1.788387465207745830e+00 1.778710776707079555e+00
3.795199999999992713e+01 3.815999999999999659e+01 1.783435189366026075e+00 1.776010328762998691e+00
3.772799999999988785e+01 3.832999999999999829e+01 1.779804759851125073e+00 1.773309071354475241e+00
3.818399999999984118e+01 3.835999999999999943e+01 1.776911883053940988e+00 1.770929507432377203e+00
3.796599999999990871e+01 3.853999999999999915e+01 1.772557564750678827e+00 1.768140465638132541e+00
3.806199999999995498e+01 3.845000000000000284e+01 1.775294097421112438e+00 1.765945719488658971e+00
3.826799999999985857e+01 3.860000000000000142e+01 1.772536372456478881e+00 1.763968577361480827e+00
3.851399999999985369e+01 3.865999999999999659e+01 1.769363563643247650e+00 1.761391887041241500e+00
3.850199999999986034e+01 3.865999999999999659e+01 1.764556752328927836e+00 1.759481735327720786e+00
3.893799999999989581e+01 3.878999999999999915e+01 1.755284925078102853e+00 1.757050414710282116e+00
3.870399999999987983e+01 3.887999999999999545e+01 1.756580299345038565e+00 1.754931128205441615e+00
3.890599999999988512e+01 3.882999999999999829e+01 1.758954715507646149e+00 1.752677142604514016e+00
3.916199999999984982e+01 3.876999999999999602e+01 1.752843232597594669e+00 1.750016057061585473e+00
3.908999999999993236e+01 3.885000000000000142e+01 1.750546912730637228e+00 1.748234568447679660e+00
3.922799999999983811e+01 3.897999999999999687e+01 1.750934516832491017e+00 1.746443827818632943e+00
3.913999999999991530e+01 3.907000000000000028e+01 1.748123192748781474e+00 1.744519218020697204e+00
3.924199999999998312e+01 3.917999999999999972e+01 1.750094517601358035e+00 1.742662368889072999e+00
3.932599999999991525e+01 3.917999999999999972e+01 1.744985241680188759e+00 1.741033374433378800e+00
3.961399999999983379e+01 3.919000000000000483e+01 1.743881956844791192e+00 1.739206948058573676e+00
3.964199999999988222e+01 3.928000000000000114e+01 1.744997334954002444e+00 1.737216812620224760e+00
3.915599999999993486e+01 3.942999999999999972e+01 1.743444939827428763e+00 1.735455567122055953e+00
3.944399999999986051e+01 3.945000000000000284e+01 1.737879569899074772e+00 1.733915982795096733e+00
4.032999999999984198e+01 3.953000000000000114e+01 1.724853448628777430e+00 1.732121566903990217e+00
3.986199999999987398e+01 3.939000000000000057e+01 1.735183499842688271e+00 1.730784117392338617e+00
3.973399999999988097e+01 3.964000000000000057e+01 1.731153117289124799e+00 1.729447508199121630e+00
3.964599999999992264e+01 3.966000000000000369e+01 1.737309306997398606e+00 1.728274372587078611e+00
3.961399999999988353e+01 3.985000000000000142e+01 1.734053397256615225e+00 1.726827023282212714e+00
4.036799999999983868e+01 3.970000000000000284e+01 1.726030930482949310e+00 1.725296842204436132e+00
3.955999999999987438e+01 3.986999999999999744e+01 1.728306823056874109e+00 1.724267584350034355e+00
4.027199999999989188e+01 3.985000000000000142e+01 1.716543136723885032e+00 1.722431127021750941e+00
3.989999999999990621e+01 3.993999999999999773e+01 1.724629193871624944e+00 1.721049205201109489e+00
4.015999999999986869e+01 3.997999999999999687e+01 1.726254782189907910e+00 1.720066650490257532e+00
4.014399999999987756e+01 3.997999999999999687e+01 1.721758199176939064e+00 1.718676420209457323e+00
4.011199999999981003e+01 4.017000000000000171e+01 1.718038326353404477e+00 1.717408580351300840e+00
4.056399999999985795e+01 4.006000000000000227e+01 1.709274868632671529e+00 1.716235609377014137e+00
4.024999999999987210e+01 4.022999999999999687e+01 1.714047190950322319e+00 1.715318242900092160e+00
4.008599999999987062e+01 4.040000000000000568e+01 1.721180488954231036e+00 1.714033358237769811e+00
4.014999999999984226e+01 4.057000000000000028e+01 1.713576265927666098e+00 1.713607728636488137e+00
4.044399999999985340e+01 4.041000000000000369e+01 1.711223516372115894e+00 1.712573823848232868e+00
4.045599999999987517e+01 4.053999999999999915e+01 1.713487005130897245e+00 1.711347585545772043e+00
4.042799999999989069e+01 4.075000000000000000e+01 1.708109210458559790e+00 1.710223153051922074e+00
4.053599999999991610e+01 4.066000000000000369e+01 1.709799632141770109e+00 1.708741829752362662e+00
4.073799999999982191e+01 4.057999999999999829e+01 1.701999097796225380e+00 1.707602240249935344e+00
4.074599999999987432e+01 4.073999999999999488e+01 1.703812604981985945e+00 1.707102023216988007e+00
4.029999999999989058e+01 4.067999999999999972e+01 1.704290329488025835e+00 1.705898392734853219e+00
4.088199999999984158e+01 4.081000000000000227e+01 1.703343112161165296e+00 1.704957415017777977e+00
4.068599999999983652e+01 4.083999999999999631e+01 1.708750370551732178e+00 1.704119545690043980e+00
4.095799999999984919e+01 4.075000000000000000e+01 1.698370787768567203e+00 1.703201180006169491e+00
4.094399999999988893e+01 4.067000000000000171e+01 1.701781123370320170e+00 1.702871550068009832e+00
4.086599999999984334e+01 4.086999999999999744e+01 1.701750166484131688e+00 1.701766755376969531e+00
4.099799999999986255e+01 4.078000000000000114e+01 1.699928487826813939e+00 1.701212773176962623e+00
4.064399999999989177e+01 4.083999999999999631e+01 1.702265603333796395e+00 1.700443547562981772e+00
4.102599999999993940e+01 4.086999999999999744e+01 1.692787735759385681e+00 1.699944671423706533e+00
4.099999999999980815e+01 4.099000000000000199e+01 1.695651534493847867e+00 1.698995580494117252e+00
4.107199999999986773e+01 4.097999999999999687e+01 1.696312162800975409e+00 1.698413649546529847e+00
4.117199999999989757e+01 4.089999999999999858e+01 1.690855902062463390e+00 1.697345589591191084e+00
4.097999999999991161e+01 4.109999999999999432e+01 1.696663054418305672e+00 1.695974090886702479e+00
4.097799999999984522e+01 4.088000000000000256e+01 1.695257092332239424e+00 1.695737083182035754e+00
4.155599999999984107e+01 4.107999999999999829e+01 1.690501028122143534e+00 1.694936275338904341e+00
4.144399999999990314e+01 4.121999999999999886e+01 1.692681628140070060e+00 1.694047219757739864e+00
4.156799999999986284e+01 4.110999999999999943e+01 1.684568785992372586e+00 1.693522782390460613e+00
4.119599999999992690e+01 4.128000000000000114e+01 1.690862434822332450e+00 1.693446406084774924e+00
4.157999999999989171e+01 4.114999999999999858e+01 1.681640632293037063e+00 1.692383785009989650e+00
4.149399999999987898e+01 4.100000000000000000e+01 1.689002815771451838e+00 1.691918249219163561e+00
4.140399999999986136e+01 4.131000000000000227e+01 1.687371209701733488e+00 1.690909949321206751e+00
4.176599999999990587e+01 4.110999999999999943e+01 1.675455661918696215e+00 1.690113897799936815e+00
4.158199999999990837e+01 4.125000000000000000e+01 1.684100853898359507e+00 1.689317709516480637e+00
4.177399999999991564e+01 4.135999999999999943e+01 1.683884513771226610e+00 1.688944900530166882e+00
4.188599999999988199e+01 4.147999999999999687e+01 1.680611258903627947e+00 1.688209128657463864e+00
4.203999999999985704e+01 4.132999999999999829e+01 1.677638956771927425e+00 1.687944485019110097e+00
4.188799999999989865e+01 4.127000000000000313e+01 1.676793091752724285e+00 1.687677942324577796e+00
4.186599999999987887e+01 4.114999999999999858e+01 1.681077554893411374e+00 1.687114106857820817e+00
4.188399999999987955e+01 4.135999999999999943e+01 1.680344904001159323e+00 1.686574781289641445e+00
4.196599999999988739e+01 4.108999999999999631e+01 1.676349549411281448e+00 1.685838606286863994e+00
4.222599999999992804e+01 4.128999999999999915e+01 1.676976042206236972e+00 1.685319286155502416e+00
4.224799999999984124e+01 4.128999999999999915e+01 1.674424963513859721e+00 1.684348882379272050e+00
4.232999999999987750e+01 4.132000000000000028e+01 1.673366876562728311e+00 1.684266261982116708e+00
4.178199999999990411e+01 4.133999999999999631e+01 1.681236148975257416e+00 1.683803749040606812e+00
4.232199999999983220e+01 4.129999999999999716e+01 1.670862099234934783e+00 1.683647002843406293e+00
4.241599999999989734e+01 4.146999999999999886e+01 1.674185654409224178e+00 1.683483815770778769e+00
4.206599999999991724e+01 4.132000000000000028e+01 1.679317163936699941e+00 1.683226644458730936e+00
4.234799999999992082e+01 4.142000000000000171e+01 1.667665737740868570e+00 1.682020127583399693e+00
4.221199999999987540e+01 4.132000000000000028e+01 1.669580492062179511e+00 1.682089157541197144e+00
4.212399999999986022e+01 4.133999999999999631e+01 1.675781744222859304e+00 1.681738465036230590e+00
4.234199999999987796e+01 4.146999999999999886e+01 1.667092177542675469e+00 1.680960154782208393e+00
4.221799999999987563e+01 4.134999999999999432e+01 1.670886124350307478e+00 1.680515837106066446e+00
4.217199999999991888e+01 4.147999999999999687e+01 1.671449066517861182e+00 1.680202851681356524e+00
4.211599999999991439e+01 4.151000000000000512e+01 1.669042790726290804e+00 1.679373114632629838e+00
4.231199999999992656e+01 4.142999999999999972e+01 1.665883967270539889e+00 1.678622394358582071e+00
4.240199999999988023e+01 4.152000000000000313e+01 1.667937963396437517e+00 1.679022060595362964e+00
4.266199999999989956e+01 4.144999999999999574e+01 1.665169813322346259e+00 1.678352481354004500e+00
4.257199999999987483e+01 4.138000000000000256e+01 1.661656519198608795e+00 1.678371682260308528e+00
4.261599999999992150e+01 4.156000000000000227e+01 1.660303401416928004e+00 1.677722201617027897e+00
4.275399999999984857e+01 4.157000000000000028e+01 1.665351647622758335e+00 1.677765394967184909e+00
4.250799999999983214e+01 4.153999999999999915e+01 1.666843002299992493e+00 1.677953783729266179e+00
4.234199999999989217e+01 4.147999999999999687e+01 1.666369972226737328e+00 1.676813053654102381e+00
4.283399999999991081e+01 4.156000000000000227e+01 1.663316151179624391e+00 1.675981160007066872e+00
4.225999999999988432e+01 4.164999999999999858e+01 1.668430655034341514e+00 1.676257663736858250e+00
4.221999999999987807e+01 4.171999999999999886e+01 1.667362264731508281e+00 1.675703151950559633e+00
4.248799999999991428e+01 4.164000000000000057e+01 1.666982002411366404e+00 1.675443032097428508e+00
4.294799999999988671e+01 4.176000000000000512e+01 1.651178797070252724e+00 1.674617395422531185e+00
4.261399999999987642e+01 4.164999999999999858e+01 1.656336155419348533e+00 1.674379399275698121e+00
4.279799999999989524e+01 4.157999999999999829e+01 1.654740164866061347e+00 1.674007555479902543e+00
4.280799999999987904e+01 4.164999999999999858e+01 1.659736933794042413e+00 1.673798587046142927e+00
4.220799999999995578e+01 4.154999999999999716e+01 1.666483120380497063e+00 1.673540758266087725e+00
4.302799999999987079e+01 4.167000000000000171e+01 1.653983516934180109e+00 1.673616555583774312e+00
4.295399999999989404e+01 4.174000000000000199e+01 1.654307549304603331e+00 1.673599726356504780e+00
4.294199999999989359e+01 4.168999999999999773e+01 1.661421573164749921e+00 1.674105397514497717e+00
4.290999999999988290e+01 4.176000000000000512e+01 1.655151523099144928e+00 1.672968800172911052e+00
4.278999999999992099e+01 4.181000000000000227e+01 1.657745590957683479e+00 1.672823011742378796e+00
4.307599999999992946e+01 4.181000000000000227e+01 1.648538607840777770e+00 1.672764053617082469e+00
4.298799999999990007e+01 4.185000000000000142e+01 1.658340222956814269e+00 1.671520757218307063e+00
4.302199999999998425e+01 4.185000000000000142e+01 1.656484096969590203e+00 1.671473033323325419e+00
4.255799999999987193e+01 4.192000000000000171e+01 1.659680312401643931e+00 1.671708860139182962e+00
4.298599999999989763e+01 4.198000000000000398e+01 1.654792288685204671e+00 1.670907025175728755e+00
4.264599999999987290e+01 4.213000000000000256e+01 1.661051754261757996e+00 1.671316354631389167e+00
4.301799999999990831e+01 4.210999999999999943e+01 1.655820886204532272e+00 1.670571049740578351e+00
4.327199999999994162e+01 4.208999999999999631e+01 1.647970541470108685e+00 1.670689623234911547e+00
4.292999999999989313e+01 4.198000000000000398e+01 1.652520656275751065e+00 1.670626836981733421e+00
4.292399999999986449e+01 4.195999999999999375e+01 1.654219528179605048e+00 1.670299299759483658e+00
4.348799999999989296e+01 4.187000000000000455e+01 1.642825470120906850e+00 1.669888644348464180e+00
4.326999999999984681e+01 4.204999999999999716e+01 1.648592987056188841e+00 1.669569885021774169e+00
4.338199999999987000e+01 4.181000000000000227e+01 1.644341880907517428e+00 1.669968419565708073e+00
4.321399999999986363e+01 4.196999999999999886e+01 1.645990529633112542e+00 1.669696405328528588e+00
4.337999999999991729e+01 4.215999999999999659e+01 1.647347701799469100e+00 1.669552135584090102e+00
4.320999999999994401e+01 4.205999999999999517e+01 1.655281338126087354e+00 1.669612642857999818e+00
4.363599999999988199e+01 4.208999999999999631e+01 1.647204804897700381e+00 1.668842369287084626e+00
4.361799999999988842e+01 4.207999999999999829e+01 1.637620949831356976e+00 1.669375622420277594e+00
4.348199999999987853e+01 4.212000000000000455e+01 1.646960021924687823e+00 1.668870080371479769e+00
4.328599999999983794e+01 4.219999999999999574e+01 1.647530402393675431e+00 1.668297961746209479e+00
4.302599999999987546e+01 4.221999999999999886e+01 1.655183382281638638e+00 1.668092601623042404e+00
4.308199999999986574e+01 4.210999999999999943e+01 1.649653375650019793e+00 1.667846472625580834e+00
4.337599999999985556e+01 4.214000000000000057e+01 1.644875871349477769e+00 1.667735052193323630e+00
4.388599999999993173e+01 4.240999999999999659e+01 1.631836601515088025e+00 1.666910925514130337e+00
4.329599999999992832e+01 4.240999999999999659e+01 1.646313097569588546e+00 1.667382113642688957e+00
4.366599999999990445e+01 4.234000000000000341e+01 1.641129023646751062e+00 1.666046967940681967e+00
4.326599999999984902e+01 4.235000000000000142e+01 1.644369515389503489e+00 1.666174892367031424e+00
4.352599999999993230e+01 4.228000000000000114e+01 1.641479415733806846e+00 1.665675641658495909e+00
4.317399999999990001e+01 4.212000000000000455e+01 1.641905194887626651e+00 1.665946498718394286e+00
4.359199999999986375e+01 4.238000000000000256e+01 1.640726821921440814e+00 1.666161064274439996e+00
4.309799999999993503e+01 4.230999999999999517e+01 1.647515881011528238e+00 1.665619990896399782e+00
4.381199999999986261e+01 4.235999999999999943e+01 1.643165333078877577e+00 1.665791051343774587e+00
4.313799999999988444e+01 4.238000000000000256e+01 1.649710876944354032e+00 1.665455249700613427e+00
4.411999999999989086e+01 4.232999999999999829e+01 1.630689697836139374e+00 1.664978180758982740e+00
4.338799999999991996e+01 4.238000000000000256e+01 1.644668165837750662e+00 1.664846224083952553e+00
4.365999999999983316e+01 4.217999999999999972e+01 1.636629843543774054e+00 1.664754082060097007e+00
4.379599999999990700e+01 4.223000000000000398e+01 1.632553622468211785e+00 1.665179678823235809e+00
4.404799999999988813e+01 4.228999999999999915e+01 1.633372725276835746e+00 1.664209066625904176e+00
4.378199999999988279e+01 4.232000000000000028e+01 1.643238439521971461e+00 1.664054854962131458e+00
4.387999999999990308e+01 4.234000000000000341e+01 1.637043500520669603e+00 1.664035666653660206e+00
4.414999999999998437e+01 4.232000000000000028e+01 1.627284931878267171e+00 1.663701403780376120e+00
4.402999999999997982e+01 4.224000000000000199e+01 1.630681470590314985e+00 1.663702881316103888e+00
4.359799999999987818e+01 4.228999999999999915e+01 1.640683977544186156e+00 1.664009375412553116e+00
4.381199999999987682e+01 4.235000000000000142e+01 1.632629128215862924e+00 1.663586518765116429e+00
4.406999999999984396e+01 4.223000000000000398e+01 1.635128229474301254e+00 1.663655745967201227e+00
4.389999999999994884e+01 4.221999999999999886e+01 1.629729499636277668e+00 1.663360997478632530e+00
4.401599999999992008e+01 4.243999999999999773e+01 1.635938462379280534e+00 1.663603246858281759e+00
4.408599999999991326e+01 4.225999999999999801e+01 1.630692859329382349e+00 1.663431526790073223e+00
4.379199999999985948e+01 4.232000000000000028e+01 1.634366095479049097e+00 1.663011501931501046e+00
4.398599999999989052e+01 4.227000000000000313e+01 1.628399919452477640e+00 1.663423930905904458e+00
4.423999999999989541e+01 4.208999999999999631e+01 1.626864165830731457e+00 1.663288612811666400e+00
4.397399999999988296e+01 4.232000000000000028e+01 1.630477880529897394e+00 1.663030591571298178e+00
4.384599999999993969e+01 4.229999999999999716e+01 1.635543570656655676e+00 1.663184091099809470e+00
4.413200000000000500e+01 4.217000000000000171e+01 1.632729170892947224e+00 1.662570127526254549e+00
4.395599999999990359e+01 4.232000000000000028e+01 1.635994024135855041e+00 1.662113368680649295e+00
4.355199999999985749e+01 4.217999999999999972e+01 1.640031427487775417e+00 1.662548244238444939e+00
4.402599999999982572e+01 4.252000000000000313e+01 1.631397067923177513e+00 1.663413808156072315e+00
4.371399999999988495e+01 4.240999999999999659e+01 1.641216373760704395e+00 1.662516372934198960e+00
4.427199999999988478e+01 4.253999999999999915e+01 1.632966446113080838e+00 1.662687630515449655e+00
4.443199999999988137e+01 4.250999999999999801e+01 1.619263365762261930e+00 1.662923673975271965e+00
4.397599999999987830e+01 4.228999999999999915e+01 1.630930642359150307e+00 1.663272710565196544e+00
4.380999999999982464e+01 4.225000000000000000e+01 1.637210442303357327e+00 1.662927508230142681e+00
4.377799999999985658e+01 4.254999999999999716e+01 1.633900473898242112e+00 1.662042527998592201e+00
4.374799999999988387e+01 4.252000000000000313e+01 1.634355700517318821e+00 1.661977127719578728e+00
4.424999999999991473e+01 4.254999999999999716e+01 1.621341489605568453e+00 1.661689335394557876e+00
4.452399999999983748e+01 4.234000000000000341e+01 1.624505989802671690e+00 1.661486360827761910e+00
4.465399999999994662e+01 4.249000000000000199e+01 1.621542110992988617e+00 1.660930964588032355e+00
4.415799999999988046e+01 4.252000000000000313e+01 1.627869213692293870e+00 1.661052807320819946e+00
4.441199999999994930e+01 4.240999999999999659e+01 1.625731799331587402e+00 1.662006358765659941e+00
4.364999999999986358e+01 4.229999999999999716e+01 1.633926615954339523e+00 1.661028332292310505e+00
4.419799999999990092e+01 4.244999999999999574e+01 1.623634180756666101e+00 1.661604227975457704e+00
4.438599999999989620e+01 4.240999999999999659e+01 1.626873951645864791e+00 1.660514338110975929e+00
4.425599999999991496e+01 4.250999999999999801e+01 1.629325715835164834e+00 1.660868246275926108e+00
4.420799999999984209e+01 4.239000000000000057e+01 1.626468192428780268e+00 1.660711531262575980e+00
4.410599999999985954e+01 4.253999999999999915e+01 1.632328874172246147e+00 1.660727631119322201e+00
4.478799999999991854e+01 4.246000000000000085e+01 1.621648149747309864e+00 1.661159364207805300e+00
4.437799999999983669e+01 4.239000000000000057e+01 1.625657118819465063e+00 1.660325887738705486e+00
4.482799999999992480e+01 4.263000000000000256e+01 1.617881254830835669e+00 1.659619476612446798e+00
4.413199999999994816e+01 4.260999999999999943e+01 1.624960079344709873e+00 1.659951310440108463e+00
4.456999999999990791e+01 4.262000000000000455e+01 1.615270779679291113e+00 1.659662408299278802e+00
4.426199999999988677e+01 4.255999999999999517e+01 1.619309666667813730e+00 1.659147789387247718e+00
4.439399999999989888e+01 4.239000000000000057e+01 1.626290543443904779e+00 1.659258123260225259e+00
4.429399999999989745e+01 4.239999999999999858e+01 1.631652899170612514e+00 1.660115956561942552e+00
4.456599999999983197e+01 4.257999999999999829e+01 1.623980591884326419e+00 1.659552566377756611e+00
4.450199999999993850e+01 4.253999999999999915e+01 1.621367685760640720e+00 1.659130605382996171e+00
4.419599999999982032e+01 4.221999999999999886e+01 1.619545168513609745e+00 1.660063277774565638e+00
4.428799999999992565e+01 4.248000000000000398e+01 1.619084142955517613e+00 1.658950215586492583e+00
4.423599999999986210e+01 4.264000000000000057e+01 1.622719492815310804e+00 1.658625197902320325e+00
4.480399999999993099e+01 4.260999999999999943e+01 1.606938799038005738e+00 1.659158394306848416e+00
4.469999999999986784e+01 4.264999999999999858e+01 1.617275928197587476e+00 1.658424888139996556e+00
4.497799999999993048e+01 4.259000000000000341e+01 1.611812235024363771e+00 1.658725891620915771e+00
4.446599999999997266e+01 4.248000000000000398e+01 1.619452506264610570e+00 1.659140938295114776e+00
4.457599999999990104e+01 4.240999999999999659e+01 1.614261209856166168e+00 1.659175176005242225e+00
4.463599999999988199e+01 4.267000000000000171e+01 1.614933652109402651e+00 1.659106686570580580e+00
4.415599999999988512e+01 4.264000000000000057e+01 1.625738647966826544e+00 1.658777451832318839e+00
4.480399999999998073e+01 4.273000000000000398e+01 1.613452493711963864e+00 1.659044357068253150e+00
4.477799999999999869e+01 4.243999999999999773e+01 1.613318628825464174e+00 1.659599818768491719e+00
4.466599999999996840e+01 4.257000000000000028e+01 1.613494776711171808e+00 1.658472872619817462e+00
4.415799999999992309e+01 4.273000000000000398e+01 1.627863589643848918e+00 1.658655686016705877e+00
4.481599999999992434e+01 4.237000000000000455e+01 1.613920540898009515e+00 1.659130120145704934e+00
4.468399999999991934e+01 4.257999999999999829e+01 1.614003340410131937e+00 1.658211628147047367e+00
4.455999999999988859e+01 4.244999999999999574e+01 1.622231219608203157e+00 1.659136519015355082e+00
4.478399999999994918e+01 4.246000000000000085e+01 1.616428583593716439e+00 1.658167730231155268e+00
4.500799999999992451e+01 4.267999999999999972e+01 1.610549791000026154e+00 1.658779230503172997e+00
4.450199999999986034e+01 4.273000000000000398e+01 1.620648765474107744e+00 1.659417246244825339e+00
4.467999999999988603e+01 4.263000000000000256e+01 1.613978182479607337e+00 1.657967441822115529e+00
4.464399999999989177e+01 4.257000000000000028e+01 1.615512452212020111e+00 1.657971973733344706e+00
4.458399999999992502e+01 4.235999999999999943e+01 1.616858698157128016e+00 1.658994354949411276e+00
4.488599999999988199e+01 4.275999999999999801e+01 1.614114063539259236e+00 1.658572601590529771e+00
4.474399999999992872e+01 4.267000000000000171e+01 1.615157024987386558e+00 1.659043165294755262e+00
4.479799999999990234e+01 4.257000000000000028e+01 1.607366867946535605e+00 1.658198327944452544e+00
4.463599999999988910e+01 4.250000000000000000e+01 1.613758691550542634e+00 1.658019686073411769e+00
4.449999999999991473e+01 4.280999999999999517e+01 1.614823769995697544e+00 1.657656904924730501e+00
4.475199999999989586e+01 4.263000000000000256e+01 1.612631524009349171e+00 1.657893535991579403e+00
4.527999999999988034e+01 4.260000000000000142e+01 1.609177735462400172e+00 1.657816806197115689e+00
4.481399999999989348e+01 4.282000000000000028e+01 1.615462540285767190e+00 1.657913197548434692e+00
4.466999999999990223e+01 4.263000000000000256e+01 1.621020380257420124e+00 1.657790587246558589e+00
4.490199999999987313e+01 4.271000000000000085e+01 1.611154015419051122e+00 1.657388545210727537e+00
4.510599999999988086e+01 4.279999999999999716e+01 1.607005513866142543e+00 1.657543789330283346e+00
4.489799999999988245e+01 4.274000000000000199e+01 1.613115428086282721e+00 1.657079262326210944e+00
4.519199999999990780e+01 4.271000000000000085e+01 1.608920361700826085e+00 1.657450159346828933e+00
4.501399999999987500e+01 4.255999999999999517e+01 1.610622183916727845e+00 1.657286126566557494e+00
4.503999999999997073e+01 4.289000000000000057e+01 1.605932828935855650e+00 1.656455776125372203e+00
4.510399999999987841e+01 4.280999999999999517e+01 1.612614184131345940e+00 1.657087634357472750e+00
4.536999999999989797e+01 4.259000000000000341e+01 1.606416414498057055e+00 1.656757078848219766e+00
4.495199999999987028e+01 4.260000000000000142e+01 1.607543579526943045e+00 1.657204384345165149e+00
4.466199999999986403e+01 4.260000000000000142e+01 1.615377103741560960e+00 1.657770936938359529e+00
4.468799999999992423e+01 4.267000000000000171e+01 1.610084929337043613e+00 1.657050951590479215e+00
4.485799999999991883e+01 4.279999999999999716e+01 1.609404262691936704e+00 1.656956079554363859e+00
4.519799999999992224e+01 4.293999999999999773e+01 1.613755732671686705e+00 1.656741302108131642e+00
4.485599999999996612e+01 4.282999999999999829e+01 1.607527126197917156e+00 1.656404033043237911e+00
4.518799999999993133e+01 4.274000000000000199e+01 1.610825620369096933e+00 1.657215088804099512e+00
4.511799999999990263e+01 4.277000000000000313e+01 1.613592839033386683e+00 1.656452581751258979e+00
4.513599999999988910e+01 4.278000000000000114e+01 1.602618456795819935e+00 1.656163885201427100e+00
4.512799999999987932e+01 4.274000000000000199e+01 1.606562121560637157e+00 1.657549331940493698e+00
4.506199999999991945e+01 4.265999999999999659e+01 1.606589426959312839e+00 1.656766149700840796e+00
4.486199999999987398e+01 4.267000000000000171e+01 1.609714471144164882e+00 1.657381556850465509e+00
4.500999999999987011e+01 4.274000000000000199e+01 1.606095486774092418e+00 1.656071352140593200e+00
4.535599999999998744e+01 4.282000000000000028e+01 1.604558016287891187e+00 1.657048506637268881e+00
4.505599999999991923e+01 4.269999999999999574e+01 1.609341017561703113e+00 1.656022273416324797e+00
4.500399999999991252e+01 4.264999999999999858e+01 1.611278006602759216e+00 1.657133158308933929e+00
4.500399999999984146e+01 4.278999999999999915e+01 1.604212592435708018e+00 1.656624816709902248e+00
4.533199999999989416e+01 4.292999999999999972e+01 1.600452680433784192e+00 1.656948350730910402e+00
4.536999999999989086e+01 4.277000000000000313e+01 1.603649290798564442e+00 1.656543138698477691e+00
4.532799999999989637e+01 4.268999999999999773e+01 1.601976879055665659e+00 1.656553549213582555e+00
4.526199999999987256e+01 4.273000000000000398e+01 1.600350954992816987e+00 1.656438966735480411e+00
4.533799999999991570e+01 4.278999999999999915e+01 1.599284012546905664e+00 1.656332156698164804e+00
4.527799999999987790e+01 4.282000000000000028e+01 1.605209408856835607e+00 1.655953830789024916e+00
4.562199999999987199e+01 4.275000000000000000e+01 1.601043769768226932e+00 1.655462629041089206e+00
4.551399999999987500e+01 4.268999999999999773e+01 1.601794306946589197e+00 1.655977586999700435e+00
4.511599999999993571e+01 4.282000000000000028e+01 1.605412578717643868e+00 1.656010649782578170e+00
4.488399999999990087e+01 4.259000000000000341e+01 1.608555831703749384e+00 1.656471239726340139e+00
4.503599999999988768e+01 4.263000000000000256e+01 1.605435273643911920e+00 1.656284070345514614e+00
4.517599999999988114e+01 4.278000000000000114e+01 1.602320627573328160e+00 1.656440753294227353e+00
4.497599999999996356e+01 4.275999999999999801e+01 1.612422527877590772e+00 1.656385787768410278e+00
4.588799999999987733e+01 4.275000000000000000e+01 1.595095887341982710e+00 1.657692874397642901e+00
4.535599999999992349e+01 4.265999999999999659e+01 1.605190881082440679e+00 1.655973171978288860e+00
4.523399999999998755e+01 4.274000000000000199e+01 1.601596654898321814e+00 1.656252714117879554e+00
4.541399999999990200e+01 4.248000000000000398e+01 1.600350695695210268e+00 1.657404970912298658e+00
4.525799999999990320e+01 4.275000000000000000e+01 1.608085525456954157e+00 1.657060857708454016e+00
4.540999999999986869e+01 4.267000000000000171e+01 1.602503276182429159e+00 1.657384431529088875e+00
4.526999999999995339e+01 4.289000000000000057e+01 1.603958315319900185e+00 1.655846247758701262e+00
4.504799999999995208e+01 4.275000000000000000e+01 1.604048577075366744e+00 1.657119263982178348e+00
4.565999999999988290e+01 4.307000000000000028e+01 1.592136183256578352e+00 1.655667609523521877e+00
4.523999999999996646e+01 4.273000000000000398e+01 1.600512078723860254e+00 1.656185720206426737e+00
4.509199999999991348e+01 4.309000000000000341e+01 1.608373931059742468e+00 1.656571185798984214e+00
4.563399999999993639e+01 4.257000000000000028e+01 1.605718060598575248e+00 1.656078962660927578e+00
4.520599999999989649e+01 4.304999999999999716e+01 1.598340929494548091e+00 1.656253389978027180e+00
4.547199999999989473e+01 4.287000000000000455e+01 1.604064971962221753e+00 1.656039854537800560e+00
4.567999999999992156e+01 4.293999999999999773e+01 1.598738139073609288e+00 1.655252270473758003e+00
4.563999999999993662e+01 4.292000000000000171e+01 1.597220761981486437e+00 1.654953378077047788e+00
4.542799999999991911e+01 4.275999999999999801e+01 1.596459423841821490e+00 1.655212738901517211e+00
4.565799999999994441e+01 4.278000000000000114e+01 1.602695530439451455e+00 1.656407402695232900e+00
4.540399999999993952e+01 4.267999999999999972e+01 1.600570543119151035e+00 1.656686696632937661e+00
4.566799999999997794e+01 4.288000000000000256e+01 1.592687283588852365e+00 1.655599811137446142e+00
4.526599999999995561e+01 4.282999999999999829e+01 1.600406236231962653e+00 1.656731119266872776e+00
4.577799999999998448e+01 4.289000000000000057e+01 1.594221974096674321e+00 1.655722555023210640e+00
4.557599999999989393e+01 4.278000000000000114e+01 1.600459239703019287e+00 1.656373768917083211e+00
4.532199999999991036e+01 4.275000000000000000e+01 1.598646391288122137e+00 1.656615031553134276e+00
4.573999999999991672e+01 4.285000000000000142e+01 1.598221994823241010e+00 1.656506259811181936e+00
4.559399999999996567e+01 4.271999999999999886e+01 1.597768641899939057e+00 1.655920651585354175e+00
4.574999999999991473e+01 4.287000000000000455e+01 1.591422882311896547e+00 1.656510257236580630e+00
4.535599999999988086e+01 4.288000000000000256e+01 1.601180936638706642e+00 1.656467739635237413e+00
4.567199999999996862e+01 4.278000000000000114e+01 1.596043600517813799e+00 1.656676693836231840e+00
4.611599999999994992e+01 4.293999999999999773e+01 1.592741627260725990e+00 1.656351201550623431e+00
4.572799999999998022e+01 4.303000000000000114e+01 1.595892592455739445e+00 1.656304922985146089e+00
4.541399999999991621e+01 4.289999999999999858e+01 1.598128980881985850e+00 1.655581076326986922e+00
4.540599999999987091e+01 4.279999999999999716e+01 1.600843106460388077e+00 1.655130052637073135e+00
4.542599999999998772e+01 4.289999999999999858e+01 1.592257329383423681e+00 1.656454701274205243e+00
4.569999999999993889e+01 4.288000000000000256e+01 1.592605012261221864e+00 1.655576950087403132e+00
4.571599999999993713e+01 4.293999999999999773e+01 1.597866664366658140e+00 1.655251982631594787e+00
4.586199999999988108e+01 4.280999999999999517e+01 1.594092126738710480e+00 1.656868101937268190e+00
4.571599999999992292e+01 4.298000000000000398e+01 1.595098795239940470e+00 1.656267268781708601e+00
4.579999999999988347e+01 4.279999999999999716e+01 1.594971824119582271e+00 1.655556628424094123e+00
4.551999999999990365e+01 4.278999999999999915e+01 1.600667151099907093e+00 1.655626392955908077e+00
4.574399999999995714e+01 4.298000000000000398e+01 1.596704980991479950e+00 1.656422614740650445e+00
4.576599999999995561e+01 4.290999999999999659e+01 1.594495733817062888e+00 1.655337800757947120e+00
4.600599999999992917e+01 4.292000000000000171e+01 1.588113506187133872e+00 1.655353456786782917e+00
4.577599999999988967e+01 4.280999999999999517e+01 1.588475946533983940e+00 1.656189528087978813e+00
4.585999999999992127e+01 4.282000000000000028e+01 1.593577696537876731e+00 1.656036394095454778e+00
4.565399999999995373e+01 4.289000000000000057e+01 1.592441652208876013e+00 1.656114444799013707e+00
4.578599999999998005e+01 4.325999999999999801e+01 1.593046750750798157e+00 1.655311611108617242e+00
4.584399999999993014e+01 4.267000000000000171e+01 1.595289489372219371e+00 1.656433688708125240e+00
4.594599999999994822e+01 4.304999999999999716e+01 1.589132555827804216e+00 1.655544530579502904e+00
4.595999999999994401e+01 4.285999999999999943e+01 1.583004069843690020e+00 1.656630341825753971e+00
4.572799999999994469e+01 4.267999999999999972e+01 1.592861915303759313e+00 1.655942605337711981e+00
4.608799999999996544e+01 4.299000000000000199e+01 1.590239579057517005e+00 1.657321275812926320e+00
4.576799999999988700e+01 4.292999999999999972e+01 1.592979140247428482e+00 1.655846065122713817e+00
4.621199999999992514e+01 4.305999999999999517e+01 1.585588122312695081e+00 1.654978298241019052e+00
4.612999999999997414e+01 4.288000000000000256e+01 1.588011533361776140e+00 1.655315112712160808e+00
4.590199999999998681e+01 4.295000000000000284e+01 1.592345163106593686e+00 1.655971865359618933e+00
4.581199999999993366e+01 4.298000000000000398e+01 1.593707429732340142e+00 1.657900132038494068e+00
4.606199999999997630e+01 4.314000000000000057e+01 1.592523714995589978e+00 1.655980439020447337e+00
4.616799999999994242e+01 4.304999999999999716e+01 1.587118485411513014e+00 1.657313210250753510e+00
4.616999999999990223e+01 4.302000000000000313e+01 1.587470134010054990e+00 1.657063131766296493e+00
4.613199999999991263e+01 4.289999999999999858e+01 1.590943787363477968e+00 1.656197171451179839e+00
4.606799999999997652e+01 4.289000000000000057e+01 1.586630813645391269e+00 1.656480804573323917e+00
4.627799999999992053e+01 4.304999999999999716e+01 1.579168096192566040e+00 1.656363234679629315e+00
4.615799999999995151e+01 4.303999999999999915e+01 1.582340297215749425e+00 1.656416517471566374e+00
4.635999999999994259e+01 4.310999999999999943e+01 1.590508625703705992e+00 1.656694321708690243e+00
4.599799999999996913e+01 4.299000000000000199e+01 1.597434740723026714e+00 1.655646058345034977e+00
4.663999999999990109e+01 4.317999999999999972e+01 1.580490171602261906e+00 1.656718734405147941e+00
4.577799999999992764e+01 4.307999999999999829e+01 1.590111014051798222e+00 1.656961860976820189e+00
4.598999999999988120e+01 4.300999999999999801e+01 1.593498415573707083e+00 1.657309588632790209e+00
4.626000000000001933e+01 4.305999999999999517e+01 1.589997464816815587e+00 1.656713941746764007e+00
4.613799999999993418e+01 4.296000000000000085e+01 1.581646657167465886e+00 1.657772546974959793e+00
4.606599999999988171e+01 4.293999999999999773e+01 1.585256990221233453e+00 1.657137390175925873e+00
4.609799999999995634e+01 4.317999999999999972e+01 1.588643255766209128e+00 1.655984522404478909e+00
4.619799999999992224e+01 4.289999999999999858e+01 1.583265517840127146e+00 1.656792549074802112e+00
4.608799999999989438e+01 4.303999999999999915e+01 1.589783086388903977e+00 1.656736876966600658e+00
4.596599999999992292e+01 4.278000000000000114e+01 1.591754361228617354e+00 1.657462084585956008e+00
4.601799999999990831e+01 4.302000000000000313e+01 1.583973760821018484e+00 1.656893435306360463e+00
4.650399999999986278e+01 4.312000000000000455e+01 1.583086707157143946e+00 1.658665119575604585e+00
4.588599999999987489e+01 4.309000000000000341e+01 1.591789226682083003e+00 1.656439216109100832e+00
4.629799999999996629e+01 4.304999999999999716e+01 1.589298515846647053e+00 1.655772993940299420e+00
4.613599999999993884e+01 4.292000000000000171e+01 1.584297794967255424e+00 1.657165108341159820e+00
4.594599999999994111e+01 4.282999999999999829e+01 1.591036374899949868e+00 1.657422877403707195e+00
4.588999999999993662e+01 4.305999999999999517e+01 1.590042730993842302e+00 1.657639530713759912e+00
4.639600000000000080e+01 4.282000000000000028e+01 1.582675417640993398e+00 1.656311911521956670e+00
4.639399999999994151e+01 4.299000000000000199e+01 1.583803472377348642e+00 1.656259952052423712e+00
4.623599999999996868e+01 4.295000000000000284e+01 1.577052513213228258e+00 1.656615957926703908e+00
4.614599999999985158e+01 4.284000000000000341e+01 1.588201461803690817e+00 1.659813969387098131e+00
4.604599999999997095e+01 4.292999999999999972e+01 1.587650575944195008e+00 1.658611698674516743e+00
4.612199999999994304e+01 4.313000000000000256e+01 1.586653804407709645e+00 1.658424617404943291e+00
4.632799999999991769e+01 4.304999999999999716e+01 1.584522993082763787e+00 1.658017422221215842e+00
