9.901999999999993918e+00 1.000000000000000000e+01 9.015024087317490276e-01 9.001389551352035889e-01
9.983999999999996433e+00 1.000000000000000000e+01 9.004702550259994220e-01 9.003633867369768007e-01
1.011199999999999655e+01 1.000000000000000000e+01 9.003760498404710377e-01 9.003297165328069118e-01
1.044400000000000084e+01 1.014000000000000057e+01 9.002152529458350427e-01 9.004071949942202835e-01
1.046200000000000330e+01 1.000000000000000000e+01 8.999331305777896750e-01 8.999603061100110990e-01
1.145399999999999352e+01 1.421999999999999886e+01 8.990727797637264596e-01 8.981275775940845696e-01
1.329400000000000936e+01 1.469999999999999929e+01 8.971066143697092876e-01 8.952668318273477865e-01
1.528399999999999359e+01 1.652000000000000313e+01 8.933709886561076452e-01 8.907677775495352890e-01
1.580199999999999250e+01 1.589000000000000057e+01 8.876664992907077334e-01 8.839676782001478772e-01
1.646599999999997976e+01 1.769000000000000128e+01 8.812291769506103156e-01 8.779520385691136353e-01
1.682199999999998496e+01 1.928000000000000114e+01 8.759044828103729197e-01 8.740880106181251330e-01
1.721799999999993602e+01 1.730999999999999872e+01 8.727162106678031384e-01 8.704253376891520899e-01
1.794999999999996732e+01 1.685999999999999943e+01 8.693702056879636375e-01 8.676016252834142239e-01
1.859199999999998099e+01 1.933999999999999986e+01 8.672351937403839361e-01 8.650166393723918157e-01
1.945999999999996888e+01 2.204000000000000270e+01 8.641938284343775312e-01 8.625361140388320136e-01
2.007599999999997209e+01 2.026999999999999957e+01 8.627237989465532664e-01 8.603624040159192354e-01
2.061799999999993815e+01 2.096000000000000085e+01 8.591252903751692704e-01 8.579350859280525654e-01
2.229599999999993543e+01 2.248999999999999844e+01 8.574588189951090067e-01 8.558612184344881468e-01
2.296599999999999397e+01 2.375000000000000000e+01 8.551734484511406276e-01 8.541524149757796502e-01
2.334199999999999164e+01 2.388000000000000256e+01 8.534306622052496571e-01 8.512929170211840368e-01
2.427800000000000935e+01 2.451000000000000156e+01 8.519826815286564159e-01 8.494796990597947017e-01
2.487400000000000944e+01 2.539000000000000057e+01 8.494952823799393204e-01 8.478956133527225658e-01
2.480399999999998073e+01 2.487000000000000099e+01 8.490810381576002763e-01 8.466976393572678283e-01
2.519999999999999574e+01 2.553000000000000114e+01 8.479000197068349287e-01 8.450978175511548729e-01
2.587600000000002254e+01 2.616999999999999815e+01 8.452935686963150008e-01 8.439598720922757424e-01
2.572000000000002018e+01 2.590000000000000213e+01 8.453065253712556126e-01 8.427344713708567747e-01
2.644000000000001549e+01 2.571999999999999886e+01 8.441579650826873671e-01 8.415628766212021050e-01
2.647000000000001307e+01 2.641999999999999815e+01 8.423437225179982724e-01 8.408507536408849070e-01
2.672000000000003439e+01 2.657999999999999829e+01 8.415228547432282991e-01 8.395747298932680902e-01
2.685200000000000031e+01 2.750000000000000355e+01 8.397369188213897884e-01 8.387124575931169668e-01
2.746200000000001040e+01 2.746999999999999886e+01 8.383665285912400567e-01 8.377312657713619215e-01
2.740600000000000591e+01 2.569999999999999929e+01 8.379499966417044421e-01 8.375289950104515269e-01
2.789799999999999969e+01 2.776000000000000156e+01 8.374082046312038008e-01 8.363462603418625463e-01
2.780600000000003291e+01 2.857999999999999829e+01 8.372346923653587458e-01 8.357526756856005212e-01
2.820600000000001728e+01 2.858999999999999986e+01 8.365729772579010293e-01 8.350121649044016658e-01
2.847599999999998133e+01 2.770000000000000284e+01 8.352073423307075917e-01 8.351564100489164977e-01
2.847199999999995512e+01 2.874999999999999645e+01 8.360348517931739387e-01 8.340736111741761105e-01
2.894799999999999685e+01 2.972000000000000242e+01 8.344634109887760776e-01 8.335608617570859913e-01
2.915999999999994685e+01 2.848000000000000043e+01 8.343752988490164002e-01 8.328945746539123673e-01
2.933200000000003271e+01 3.015999999999999659e+01 8.336327930835545352e-01 8.323030619630396032e-01
2.947599999999998133e+01 3.015999999999999659e+01 8.336520384595900168e-01 8.320806127714595046e-01
2.958799999999997965e+01 2.969000000000000128e+01 8.328370331572406693e-01 8.313503896817003858e-01
2.989599999999998658e+01 2.926000000000000156e+01 8.318877594456161040e-01 8.310138646169347165e-01
3.071199999999996777e+01 3.012000000000000099e+01 8.308053689973462497e-01 8.302851046312871297e-01
3.024999999999997868e+01 3.019999999999999929e+01 8.314486194218768667e-01 8.298933216020638604e-01
3.062199999999994304e+01 3.035999999999999943e+01 8.296517070180527975e-01 8.290989585057153555e-01
3.087800000000000367e+01 3.068000000000000327e+01 8.300011396094904015e-01 8.289219324643727349e-01
3.093199999999995953e+01 3.156999999999999673e+01 8.293302242103818278e-01 8.278950997389781241e-01
3.087199999999993594e+01 3.133000000000000185e+01 8.291800822933574899e-01 8.275360190320867337e-01
3.131599999999993500e+01 3.135000000000000142e+01 8.283024225977503319e-01 8.269402503876848165e-01
3.136399999999995103e+01 3.078999999999999915e+01 8.272799966104793512e-01 8.263869698889829696e-01
3.166799999999998860e+01 3.212999999999999545e+01 8.271155224479278534e-01 8.256250792334358657e-01
3.192799999999998306e+01 3.125999999999999801e+01 8.250782139002866833e-01 8.253419222796684052e-01
3.197199999999991604e+01 3.119999999999999929e+01 8.251568392203471047e-01 8.246826793090853425e-01
3.197399999999996822e+01 3.119999999999999929e+01 8.251307445116687900e-01 8.240260014829924318e-01
3.230199999999990723e+01 3.282999999999999829e+01 8.242856099095106082e-01 8.233895411154115163e-01
3.235399999999996368e+01 3.190000000000000213e+01 8.231593841151222390e-01 8.229013392206578903e-01
3.303199999999994674e+01 3.210999999999999943e+01 8.218485522060292592e-01 8.219350475763653741e-01
3.272999999999996845e+01 3.292999999999999972e+01 8.208033830102631212e-01 8.212989261809867658e-01
3.298799999999991428e+01 3.222999999999999687e+01 8.217005363033598186e-01 8.212911364850843388e-01
3.300199999999993139e+01 3.256000000000000227e+01 8.202435169935374804e-01 8.201481323357868725e-01
3.281600000000000250e+01 3.378000000000000114e+01 8.203945616436726374e-01 8.192896010213193136e-01
3.362799999999995038e+01 3.362999999999999545e+01 8.186743750361203942e-01 8.186586628673269139e-01
3.337399999999993838e+01 3.414000000000000057e+01 8.190991480471805364e-01 8.181121235935383540e-01
3.342199999999989046e+01 3.335999999999999943e+01 8.183693812980160631e-01 8.183181688467984216e-01
3.378199999999991121e+01 3.360000000000000142e+01 8.178985708172781255e-01 8.173097926208184871e-01
3.388199999999992684e+01 3.410000000000000142e+01 8.171993578746111764e-01 8.164003499027802091e-01
3.370999999999992269e+01 3.436999999999999744e+01 8.172470447760903367e-01 8.161405769418480505e-01
3.374399999999995003e+01 3.378000000000000114e+01 8.167085009648307192e-01 8.155644087072184689e-01
3.392599999999995930e+01 3.385999999999999943e+01 8.156390059826986727e-01 8.151647029273688672e-01
3.441599999999991866e+01 3.410999999999999943e+01 8.135229719193408648e-01 8.148162605990972862e-01
3.422199999999994446e+01 3.396000000000000085e+01 8.149461506617836637e-01 8.147737479842731556e-01
3.426799999999992963e+01 3.439999999999999858e+01 8.143092496648367540e-01 8.138363291237779018e-01
3.390599999999997038e+01 3.444999999999999574e+01 8.151509077095766553e-01 8.139674774654658274e-01
3.423999999999990962e+01 3.406000000000000227e+01 8.132476161468612519e-01 8.134447567749487629e-01
3.477599999999988256e+01 3.467000000000000171e+01 8.132497719002762526e-01 8.128182994334386402e-01
3.419799999999990092e+01 3.466000000000000369e+01 8.129386918970794573e-01 8.121121021394653861e-01
3.483399999999988950e+01 3.457999999999999829e+01 8.116996588372804577e-01 8.119174993521599548e-01
3.474999999999993605e+01 3.454999999999999716e+01 8.120591162218614434e-01 8.118330078893835067e-01
3.452199999999987057e+01 3.535000000000000142e+01 8.123236294667448565e-01 8.110899347209573618e-01
3.484399999999992303e+01 3.503999999999999915e+01 8.112807706331209845e-01 8.105983559470547606e-01
3.487799999999992906e+01 3.522999999999999687e+01 8.112721503032330750e-01 8.103936975179948377e-01
3.531799999999991968e+01 3.519999999999999574e+01 8.089450471330267289e-01 8.101996645989022472e-01
3.523199999999991405e+01 3.531000000000000227e+01 8.100817719132521466e-01 8.096371609106108869e-01
3.497399999999992559e+01 3.478000000000000114e+01 8.103872756607819472e-01 8.095593809868997237e-01
3.525199999999986744e+01 3.575999999999999801e+01 8.094838225489972006e-01 8.092409719087865216e-01
3.541799999999996373e+01 3.512000000000000455e+01 8.092077402550177379e-01 8.088644200566257325e-01
3.543799999999991002e+01 3.556000000000000227e+01 8.090090088978304506e-01 8.084610860119847420e-01
3.551599999999984192e+01 3.543999999999999773e+01 8.076358488991348672e-01 8.082465025982591422e-01
3.573599999999994026e+01 3.570999999999999375e+01 8.082144677678831934e-01 8.075377279142725850e-01
3.549399999999992161e+01 3.577000000000000313e+01 8.076788575220907873e-01 8.071986200348630902e-01
3.561199999999988819e+01 3.582000000000000028e+01 8.074547211098896948e-01 8.071873953494117515e-01
3.560599999999990928e+01 3.541000000000000369e+01 8.073204173285984941e-01 8.069275374428294123e-01
3.628599999999985215e+01 3.619999999999999574e+01 8.065793620055367041e-01 8.066255243249680351e-01
3.579199999999995896e+01 3.605999999999999517e+01 8.070635695377048613e-01 8.059470859819775068e-01
3.609999999999989484e+01 3.598000000000000398e+01 8.058182772613753375e-01 8.058278705179690027e-01
3.586199999999992372e+01 3.625000000000000000e+01 8.061854834582549145e-01 8.060180835713157688e-01
3.635199999999989018e+01 3.623000000000000398e+01 8.060950035305282091e-01 8.051217037372101482e-01
3.634199999999990638e+01 3.585000000000000142e+01 8.049599609994965155e-01 8.051096853092103434e-01
3.615799999999989467e+01 3.672000000000000597e+01 8.054210835815479586e-01 8.043906900261404980e-01
3.666999999999983118e+01 3.643999999999999773e+01 8.039143861735611463e-01 8.043214399294147388e-01
3.665999999999986869e+01 3.637000000000000455e+01 8.040322708079247205e-01 8.039519355510055254e-01
3.660399999999988552e+01 3.665999999999999659e+01 8.042176227928106158e-01 8.041841753584884067e-01
3.678799999999995407e+01 3.687000000000000455e+01 8.025355085408535372e-01 8.031302138965658033e-01
3.666599999999986892e+01 3.638000000000000256e+01 8.036250786891947495e-01 8.029356760687034189e-01
3.673799999999990717e+01 3.685999999999999943e+01 8.034050229608199478e-01 8.025104365527078176e-01
3.700599999999991496e+01 3.699000000000000199e+01 8.019786127784991336e-01 8.023071803923910172e-01
3.716799999999991400e+01 3.704999999999999716e+01 8.020015678453626951e-01 8.022288425868178141e-01
3.725199999999984612e+01 3.721999999999999886e+01 8.014464733631763149e-01 8.019028370760472590e-01
3.705799999999987904e+01 3.700999999999999801e+01 8.019216178252304150e-01 8.016787210808071773e-01
3.723599999999986210e+01 3.685999999999999943e+01 8.013259310263023405e-01 8.018801140540414707e-01
3.743199999999990268e+01 3.679999999999999716e+01 8.010973649514963046e-01 8.012451284722625910e-01
3.733199999999990837e+01 3.711999999999999744e+01 8.014259148453258819e-01 8.008078975202458372e-01
3.770599999999993912e+01 3.761999999999999744e+01 7.994484582295511288e-01 8.010006545994065030e-01
3.756199999999986971e+01 3.715999999999999659e+01 7.996529194419546016e-01 8.003547839583761148e-01
3.774799999999986255e+01 3.707000000000000028e+01 7.999814258805556522e-01 8.004220497131097067e-01
3.754599999999989990e+01 3.759000000000000341e+01 7.997635876721259640e-01 7.997478110537257212e-01
3.797199999999995157e+01 3.714999999999999858e+01 7.983827595548640410e-01 7.998508258444029240e-01
3.799599999999984590e+01 3.798000000000000398e+01 7.983308979039677178e-01 7.992576342940959089e-01
3.773799999999990717e+01 3.800999999999999801e+01 7.985633582304455524e-01 7.988935883122399995e-01
3.784999999999991616e+01 3.707999999999999829e+01 7.994373089533461929e-01 7.992209124928010278e-01
3.803999999999992809e+01 3.721999999999999886e+01 7.983187178442506804e-01 7.991191495044622783e-01
3.842799999999986937e+01 3.753999999999999915e+01 7.972393097649551619e-01 7.980605779767716568e-01
3.825399999999991252e+01 3.759000000000000341e+01 7.975997769299592033e-01 7.980974204020859775e-01
3.825399999999986278e+01 3.828999999999999915e+01 7.977188495780291877e-01 7.977909032259706823e-01
3.820799999999993446e+01 3.794000000000000483e+01 7.982333307362555752e-01 7.975918752025473735e-01
3.868999999999987693e+01 3.751999999999999602e+01 7.961911041780536102e-01 7.981520162445691069e-01
3.851599999999984192e+01 3.825999999999999801e+01 7.966580993580388848e-01 7.976734122115154424e-01
3.822799999999984522e+01 3.853000000000000114e+01 7.984773563469499402e-01 7.974664761688371462e-01
3.856599999999985329e+01 3.809000000000000341e+01 7.964826181417715700e-01 7.968490293692188642e-01
3.869399999999985340e+01 3.825999999999999801e+01 7.960581074219084119e-01 7.967839015409149406e-01
3.863199999999989842e+01 3.842999999999999972e+01 7.965293775446992131e-01 7.968554521754224185e-01
3.867799999999991201e+01 3.826999999999999602e+01 7.956087493519833354e-01 7.964678009824291971e-01
3.876999999999987523e+01 3.874000000000000199e+01 7.955632071201520494e-01 7.965221824099534276e-01
3.883799999999987307e+01 3.864999999999999858e+01 7.952092932626743105e-01 7.959012288084452713e-01
3.865799999999989467e+01 3.847999999999999687e+01 7.953228718618163828e-01 7.958993635578933690e-01
3.879999999999988347e+01 3.845000000000000284e+01 7.954396020534080236e-01 7.957269099892277930e-01
3.900199999999989586e+01 3.851999999999999602e+01 7.952981873076949704e-01 7.955310058223244996e-01
3.893399999999986960e+01 3.846000000000000085e+01 7.947672194723713890e-01 7.954384375112676375e-01
3.903599999999989478e+01 3.875999999999999801e+01 7.934822619057553261e-01 7.955705071653149663e-01
3.916999999999987381e+01 3.907999999999999829e+01 7.934342014205644222e-01 7.952258930756266331e-01
3.897799999999984522e+01 3.910000000000000142e+01 7.950780706630585781e-01 7.956062301256119351e-01
3.894399999999987472e+01 3.865999999999999659e+01 7.945617855206931202e-01 7.951984725173465440e-01
3.900999999999987011e+01 3.880000000000000426e+01 7.937511417254171642e-01 7.949245615310424062e-01
3.944599999999989137e+01 3.895000000000000284e+01 7.940787687251569249e-01 7.945892991421159568e-01
3.907599999999990104e+01 3.896000000000000085e+01 7.943868448154054462e-01 7.945155545457303070e-01
3.884399999999987330e+01 3.885999999999999943e+01 7.944337796247654682e-01 7.943867402431683544e-01
3.909599999999988995e+01 3.890999999999999659e+01 7.939845282875289678e-01 7.943148619618765061e-01
3.967999999999991445e+01 3.864999999999999858e+01 7.916090373139693659e-01 7.942729868277768057e-01
3.948399999999998045e+01 3.884000000000000341e+01 7.926963483784223996e-01 7.945765858513580415e-01
3.958999999999993236e+01 3.919000000000000483e+01 7.913594057575839003e-01 7.938329214162808123e-01
3.943599999999986494e+01 3.892000000000000171e+01 7.927011121887088674e-01 7.940914356601286306e-01
3.934399999999988751e+01 3.914000000000000057e+01 7.937694955469460911e-01 7.939919178931780230e-01
3.955199999999985039e+01 3.951999999999999602e+01 7.920266229986313578e-01 7.937352018802493747e-01
3.964199999999981827e+01 3.939999999999999858e+01 7.924658664180114220e-01 7.934833139257180257e-01
3.971799999999986142e+01 3.946999999999999886e+01 7.923155215570274468e-01 7.936758889771718950e-01
3.974999999999985789e+01 3.935000000000000142e+01 7.917504251421321193e-01 7.933536405532569669e-01
3.933599999999994168e+01 3.910000000000000142e+01 7.925624818401965088e-01 7.935529609683915631e-01
3.998999999999984567e+01 3.917999999999999972e+01 7.905298699184608591e-01 7.934961577388519594e-01
3.976999999999988233e+01 3.945000000000000284e+01 7.920897871527181611e-01 7.932209494133035665e-01
3.964199999999988222e+01 3.932999999999999829e+01 7.921137823598001226e-01 7.929079154579842248e-01
3.953399999999995629e+01 3.934000000000000341e+01 7.922671999008003008e-01 7.927441922273457120e-01
3.993599999999987205e+01 3.997999999999999687e+01 7.915060287286843632e-01 7.927151561172617322e-01
3.943799999999991712e+01 3.964000000000000057e+01 7.929400547763795215e-01 7.926372238542306325e-01
3.998799999999994981e+01 3.939999999999999858e+01 7.909913418032870069e-01 7.927632754806360760e-01
3.979999999999988347e+01 3.990000000000000568e+01 7.908260015890181682e-01 7.929605308745001357e-01
3.967199999999989757e+01 4.005000000000000426e+01 7.916537705439267159e-01 7.925885291306298264e-01
3.960799999999988330e+01 3.924000000000000199e+01 7.915019384500645572e-01 7.927436154331832796e-01
4.029999999999986926e+01 3.960999999999999943e+01 7.900349301923682566e-01 7.921630816488458571e-01
4.000199999999987455e+01 3.960999999999999943e+01 7.903655595472469653e-01 7.921986234746413169e-01
4.029399999999990456e+01 3.962999999999999545e+01 7.882792881235197724e-01 7.922789557287961415e-01
4.009599999999984732e+01 3.932000000000000028e+01 7.898691884425965704e-01 7.923279181046691821e-01
4.008199999999990126e+01 4.006000000000000227e+01 7.900785876997499235e-01 7.920043683410483704e-01
4.017399999999985738e+01 3.962999999999999545e+01 7.909295677977686845e-01 7.919137220055849635e-01
4.008799999999990860e+01 3.968999999999999773e+01 7.901807386005040845e-01 7.918427016695129828e-01
4.050399999999989120e+01 3.960999999999999943e+01 7.880952051805564240e-01 7.924264554065276744e-01
3.991999999999985249e+01 3.997999999999999687e+01 7.895445880182481169e-01 7.918327051338961420e-01
4.005599999999994765e+01 3.960999999999999943e+01 7.904975039207342569e-01 7.919998732994275592e-01
3.972399999999990428e+01 3.991000000000000369e+01 7.911915110136402696e-01 7.916599489690751001e-01
4.004999999999987637e+01 3.991000000000000369e+01 7.899374638719914854e-01 7.917978967693801717e-01
4.018399999999991934e+01 3.964000000000000057e+01 7.895861388285663196e-01 7.914469140334823294e-01
4.058599999999993457e+01 3.924000000000000199e+01 7.872052152744933862e-01 7.915153790376056042e-01
4.000999999999984169e+01 3.967999999999999972e+01 7.896030553601458557e-01 7.914316232901561499e-01
4.030399999999991678e+01 3.953999999999999915e+01 7.887218220309740735e-01 7.914435373736078416e-01
4.004399999999989035e+01 3.975999999999999801e+01 7.891050950407046960e-01 7.912158101682648104e-01
4.031199999999990524e+01 3.917999999999999972e+01 7.885484552885636544e-01 7.913212573927101978e-01
4.016799999999987136e+01 3.967000000000000171e+01 7.889623115575631340e-01 7.909323347197734222e-01
4.035399999999982867e+01 3.982000000000000028e+01 7.887500379137915019e-01 7.911062493828285858e-01
3.983999999999987551e+01 3.961999999999999744e+01 7.896309403246761782e-01 7.910877702096827946e-01
4.056399999999992900e+01 3.968999999999999773e+01 7.890474006031347187e-01 7.912812960122778128e-01
4.001799999999984436e+01 3.975999999999999801e+01 7.900241750794121387e-01 7.908450918870852941e-01
4.092999999999992156e+01 3.995000000000000284e+01 7.865851017798860534e-01 7.911582728439212620e-01
4.038999999999991530e+01 4.003000000000000114e+01 7.894025954545822454e-01 7.907752227122438748e-01
4.062999999999986045e+01 4.006000000000000227e+01 7.878409958174520389e-01 7.907615897459799870e-01
4.061999999999987665e+01 3.964999999999999858e+01 7.876105344903252536e-01 7.911034138216800349e-01
4.117999999999982208e+01 3.992999999999999972e+01 7.862249245029172551e-01 7.904673579246942472e-01
4.057399999999986306e+01 3.958999999999999631e+01 7.880969358535832026e-01 7.905743607515367533e-01
4.068599999999982231e+01 3.981000000000000227e+01 7.874207386525760022e-01 7.904160605677930107e-01
4.071599999999980923e+01 3.983999999999999631e+01 7.857092040999429372e-01 7.909123630531971205e-01
4.080199999999988592e+01 3.982999999999999829e+01 7.876662874080790910e-01 7.905408594162578462e-01
4.014399999999990598e+01 3.995000000000000284e+01 7.883264082093097702e-01 7.906608738281248883e-01
4.043999999999991957e+01 3.967999999999999972e+01 7.874166095590827696e-01 7.907512556304043816e-01
4.068199999999982452e+01 3.987999999999999545e+01 7.878124070863815609e-01 7.905268480955844890e-01
4.104199999999988790e+01 3.993999999999999773e+01 7.864947780999600457e-01 7.902364432264183947e-01
4.055599999999987659e+01 4.000999999999999801e+01 7.873151448507921257e-01 7.904661557695281671e-01
4.048199999999990695e+01 3.953999999999999915e+01 7.867311968454707705e-01 7.902884359412085669e-01
4.074799999999986966e+01 3.958999999999999631e+01 7.869831883570238551e-01 7.903711986822582469e-01
4.045399999999992247e+01 3.992999999999999972e+01 7.864804485227548936e-01 7.905178942066347636e-01
4.082399999999989859e+01 3.971999999999999886e+01 7.858310544075313153e-01 7.907544262535611823e-01
4.071399999999989205e+01 4.018999999999999773e+01 7.869002717019619730e-01 7.905809585739808076e-01
4.042199999999987625e+01 4.005000000000000426e+01 7.883706776876041600e-01 7.903283195643706627e-01
4.078599999999985926e+01 3.998999999999999488e+01 7.874697224183269118e-01 7.900392877817459247e-01
4.039399999999987045e+01 3.986999999999999744e+01 7.881164440207681920e-01 7.905196812974698561e-01
4.049199999999986233e+01 3.972999999999999687e+01 7.880072758229432761e-01 7.899786630647535057e-01
4.072199999999989473e+01 3.967000000000000171e+01 7.866142106279855328e-01 7.900653424847199346e-01
4.048399999999989518e+01 4.017999999999999972e+01 7.880666299950770393e-01 7.900297136113221264e-01
4.082799999999986795e+01 4.020000000000000284e+01 7.867666883288889634e-01 7.899940201035058340e-01
4.131399999999987216e+01 3.953999999999999915e+01 7.844416641560926218e-01 7.905375706899090416e-01
4.078999999999989967e+01 3.995000000000000284e+01 7.866127363526794758e-01 7.901972135699534272e-01
4.046799999999991115e+01 3.970000000000000284e+01 7.876665377267925150e-01 7.898509077635271769e-01
4.070799999999990604e+01 4.005000000000000426e+01 7.875840093694586042e-01 7.896729130895764337e-01
4.063599999999991041e+01 3.995000000000000284e+01 7.866222444226271815e-01 7.898922241341784778e-01
4.092999999999986471e+01 3.989000000000000057e+01 7.847566918452606455e-01 7.902248912927546387e-01
4.086199999999988108e+01 3.977000000000000313e+01 7.855549796269235552e-01 7.901375070903142728e-01
4.118199999999992400e+01 4.011999999999999744e+01 7.844300421895805675e-01 7.895671702353237453e-01
4.106799999999986284e+01 4.012999999999999545e+01 7.854092830120024127e-01 7.894182326652774417e-01
4.096599999999986608e+01 3.986999999999999744e+01 7.859540763875008107e-01 7.895476132422151183e-01
4.071999999999993491e+01 3.995000000000000284e+01 7.856264047987618904e-01 7.895246418613499628e-01
4.078199999999985437e+01 3.960999999999999943e+01 7.855189164578426642e-01 7.897037588911551831e-01
4.080399999999984573e+01 3.990000000000000568e+01 7.862399180028427637e-01 7.893099305931303711e-01
4.106599999999995987e+01 3.964000000000000057e+01 7.850430591875992015e-01 7.893569838119222082e-01
4.047199999999987341e+01 3.987999999999999545e+01 7.867055726575035157e-01 7.893698502384605131e-01
4.084399999999985198e+01 4.022999999999999687e+01 7.858083520605615435e-01 7.893833479690430810e-01
4.139999999999988489e+01 3.987999999999999545e+01 7.844409541815926534e-01 7.893474515711300654e-01
4.101399999999988921e+01 3.942000000000000171e+01 7.852171913435225248e-01 7.899027352083399789e-01
4.128599999999980952e+01 3.978999999999999915e+01 7.839304413193864951e-01 7.892967563714141654e-01
4.070999999999992269e+01 4.021000000000000085e+01 7.855116999311242409e-01 7.890997574374268853e-01
4.139599999999990843e+01 3.947999999999999687e+01 7.831552340083656194e-01 7.891919595788774444e-01
4.109999999999993037e+01 4.045000000000000284e+01 7.841246466250119118e-01 7.890211092435163165e-01
4.109599999999988285e+01 3.967000000000000171e+01 7.854514502952845145e-01 7.892470731328794509e-01
4.104199999999983817e+01 3.958999999999999631e+01 7.859825801127752198e-01 7.894875596418252650e-01
4.119199999999989359e+01 3.996999999999999886e+01 7.841680865883078333e-01 7.891499035816548213e-01
4.095399999999992247e+01 3.997999999999999687e+01 7.844545618224491035e-01 7.890122202268249341e-01
4.110199999999990439e+01 4.010999999999999943e+01 7.844617791988010014e-01 7.890435909862778541e-01
4.103599999999994452e+01 4.028999999999999915e+01 7.840915335466620562e-01 7.888304283209299772e-01
4.107799999999986795e+01 4.035999999999999943e+01 7.841606493070059081e-01 7.886754248836213010e-01
4.141799999999994952e+01 3.990000000000000568e+01 7.826693538358503455e-01 7.898338668681661456e-01
4.131199999999993366e+01 3.967999999999999972e+01 7.837975091648210491e-01 7.888567001123163447e-01
4.121399999999982811e+01 4.003999999999999915e+01 7.832338026926962682e-01 7.890133098029561420e-01
4.120199999999989871e+01 4.018999999999999773e+01 7.835852822738100798e-01 7.891260492931030379e-01
4.120199999999990581e+01 4.025999999999999801e+01 7.825957766109191693e-01 7.887254295161937323e-01
4.132999999999983487e+01 4.007000000000000028e+01 7.837433113992535727e-01 7.888271530900640149e-01
4.081399999999982953e+01 4.032000000000000028e+01 7.854591135517201561e-01 7.887827286898114743e-01
4.106599999999991724e+01 3.993999999999999773e+01 7.836891698689716357e-01 7.889824830406825251e-01
4.187999999999993861e+01 4.003000000000000114e+01 7.825169283250004160e-01 7.887062407408138576e-01
4.133399999999984686e+01 4.033999999999999631e+01 7.837958581601424113e-01 7.889263629669897027e-01
4.084599999999984732e+01 4.003999999999999915e+01 7.860625607506874779e-01 7.886293598708378205e-01
4.149199999999993338e+01 4.010000000000000142e+01 7.827489153030396940e-01 7.889030400788734632e-01
4.116199999999982140e+01 3.989000000000000057e+01 7.839177805372771202e-01 7.886516237631362447e-01
4.117199999999989757e+01 4.005000000000000426e+01 7.849400077955409616e-01 7.886556232848702663e-01
4.152999999999988745e+01 4.056000000000000227e+01 7.833299188170913530e-01 7.886376254794448259e-01
4.141399999999985937e+01 4.003999999999999915e+01 7.834256532977892373e-01 7.886706785966249855e-01
4.112599999999985556e+01 4.033999999999999631e+01 7.837849384566254463e-01 7.886854537771100793e-01
4.106199999999990524e+01 4.032999999999999829e+01 7.836679749553964180e-01 7.888994921819655337e-01
4.112599999999987688e+01 4.014000000000000057e+01 7.835925949710077498e-01 7.887817845727893573e-01
4.110799999999981935e+01 4.008999999999999631e+01 7.839602973844447265e-01 7.888944489343661104e-01
4.146399999999986363e+01 4.010000000000000142e+01 7.841117371763701716e-01 7.886961676710567692e-01
4.125799999999984635e+01 3.997999999999999687e+01 7.834864712112928897e-01 7.885599650774369751e-01
4.158599999999991326e+01 3.950000000000000000e+01 7.820701592390478796e-01 7.885507745922484268e-01
4.135399999999989973e+01 3.982999999999999829e+01 7.831995962173095016e-01 7.887036273838651246e-01
4.137799999999981537e+01 3.996999999999999886e+01 7.834559946932492247e-01 7.883968717203388987e-01
4.145199999999988449e+01 4.021999999999999886e+01 7.826478000960599424e-01 7.884551389320783032e-01
4.166599999999988313e+01 3.992999999999999972e+01 7.818827972189632547e-01 7.892819230195546876e-01
4.137199999999989330e+01 3.962999999999999545e+01 7.829327733158162328e-01 7.884550580100009309e-01
4.126199999999991519e+01 4.010999999999999943e+01 7.838821578665303713e-01 7.881643411108683051e-01
4.158999999999988972e+01 4.041000000000000369e+01 7.819564225775451627e-01 7.885764829162852374e-01
4.157199999999983930e+01 4.036999999999999744e+01 7.822459253922261491e-01 7.885483846259432328e-01
4.108399999999989660e+01 4.000000000000000000e+01 7.835441277278685224e-01 7.883001854971646294e-01
4.153199999999984016e+01 4.038000000000000256e+01 7.823632532227633440e-01 7.887930732512702381e-01
4.148399999999988097e+01 4.010999999999999943e+01 7.825661826785323960e-01 7.882887746636696447e-01
4.143799999999984607e+01 4.011999999999999744e+01 7.826743867620175044e-01 7.882600683293629062e-01
4.155799999999988614e+01 3.993999999999999773e+01 7.826997874513714759e-01 7.883262607011891632e-01
4.196999999999992070e+01 4.014000000000000057e+01 7.808689114660521957e-01 7.882653911937451685e-01
4.143599999999981520e+01 3.977000000000000313e+01 7.826421422578243581e-01 7.882325977745567869e-01
4.128599999999991610e+01 4.032000000000000028e+01 7.829022394769125093e-01 7.887117977376398859e-01
4.123599999999986920e+01 4.007000000000000028e+01 7.823840415640911372e-01 7.883625410967211034e-01
4.163399999999990087e+01 3.957999999999999829e+01 7.824652253498846077e-01 7.885139585353949654e-01
4.143199999999993111e+01 3.996999999999999886e+01 7.833207803343475994e-01 7.880121247836713305e-01
4.139199999999989643e+01 4.039000000000000057e+01 7.823636039703945055e-01 7.880597216397247085e-01
4.179399999999985482e+01 4.006000000000000227e+01 7.817113315714541155e-01 7.879707684072509988e-01
4.161599999999987176e+01 4.002000000000000313e+01 7.826399329803702676e-01 7.880997853587403679e-01
4.177799999999986369e+01 4.010999999999999943e+01 7.812476993854581275e-01 7.881685094551503790e-01
4.147799999999988074e+01 4.033999999999999631e+01 7.816229056182769641e-01 7.883781380395852301e-01
4.150199999999984612e+01 3.968999999999999773e+01 7.815389724707041408e-01 7.883014440157624092e-01
4.145199999999985607e+01 4.017999999999999972e+01 7.829374929043355635e-01 7.880070157895782135e-01
4.149799999999986966e+01 3.983999999999999631e+01 7.815674391529546794e-01 7.878786770568492193e-01
4.202999999999995140e+01 3.968999999999999773e+01 7.810582996936182854e-01 7.881671409473510748e-01
4.129999999999985505e+01 3.998999999999999488e+01 7.824539314568832449e-01 7.879699812379041823e-01
4.158399999999990371e+01 4.028000000000000114e+01 7.814289713541024973e-01 7.879929000884157153e-01
4.172999999999986898e+01 4.047999999999999687e+01 7.820208511572136478e-01 7.878469576412486797e-01
4.179799999999990234e+01 4.012999999999999545e+01 7.808589061195467806e-01 7.882083032126265820e-01
4.174599999999992406e+01 4.021999999999999886e+01 7.817955649561137976e-01 7.879897040010843678e-01
4.158399999999991792e+01 4.045000000000000284e+01 7.807623887938242024e-01 7.881265120355284148e-01
4.151199999999982282e+01 4.000999999999999801e+01 7.805051880233253581e-01 7.879148533975033342e-01
4.179799999999980997e+01 4.032999999999999829e+01 7.801365480168002131e-01 7.879226329558111086e-01
4.162199999999990041e+01 4.008999999999999631e+01 7.819948374740310904e-01 7.877762679149513669e-01
4.219399999999983208e+01 4.012999999999999545e+01 7.806693393589598795e-01 7.876797497174941043e-01
4.182599999999985130e+01 4.021000000000000085e+01 7.805751987721740726e-01 7.875290618348358418e-01
4.128599999999985926e+01 3.985000000000000142e+01 7.821188835249787141e-01 7.877647427242219225e-01
4.146599999999986608e+01 3.970000000000000284e+01 7.817551103556459324e-01 7.878920732082448364e-01
4.156199999999992656e+01 4.028000000000000114e+01 7.814405900162549878e-01 7.879481921231201724e-01
4.178199999999985437e+01 4.011999999999999744e+01 7.811444360782789920e-01 7.877906795323749156e-01
4.136999999999989086e+01 4.032000000000000028e+01 7.834865406859272685e-01 7.880633094221232149e-01
4.214599999999995106e+01 4.018999999999999773e+01 7.798121705104088530e-01 7.877091173700624394e-01
4.176199999999985835e+01 3.982000000000000028e+01 7.817522967301120396e-01 7.877674056044233764e-01
4.174199999999991917e+01 4.040000000000000568e+01 7.817786355221030270e-01 7.877617234052102235e-01
4.194799999999983697e+01 3.989000000000000057e+01 7.802204583065694976e-01 7.877767460144882161e-01
4.160199999999989728e+01 3.967000000000000171e+01 7.825265912530654511e-01 7.880146860053883762e-01
4.197399999999985454e+01 4.025999999999999801e+01 7.809593520987331283e-01 7.879682558681052607e-01
4.186999999999989797e+01 4.033999999999999631e+01 7.815713247448501377e-01 7.878014639360290117e-01
4.178799999999986881e+01 4.010999999999999943e+01 7.812225461284928452e-01 7.876485720633439325e-01
4.239399999999987756e+01 4.023999999999999488e+01 7.788154500909567624e-01 7.875822468869646542e-01
4.153399999999987102e+01 4.028000000000000114e+01 7.811061495298096125e-01 7.875841979485255218e-01
4.186999999999992639e+01 4.010000000000000142e+01 7.821230060740965717e-01 7.876326738052181753e-01
4.187599999999990530e+01 4.028000000000000114e+01 7.812522361111884361e-01 7.876816313218107934e-01
4.205199999999986460e+01 4.053999999999999915e+01 7.803325803376139902e-01 7.875805475488901752e-01
4.201599999999989876e+01 4.060999999999999943e+01 7.814477275234176235e-01 7.875852582236236854e-01
4.205999999999990280e+01 3.998999999999999488e+01 7.805820361432675991e-01 7.874948346319493586e-01
4.222599999999989251e+01 4.045000000000000284e+01 7.805869598125921849e-01 7.875374022601488999e-01
4.217399999999988580e+01 4.078999999999999915e+01 7.797168052764297252e-01 7.874626388989612868e-01
4.195399999999992957e+01 3.998999999999999488e+01 7.816336866878943468e-01 7.874357905087612242e-01
4.197399999999991849e+01 4.057000000000000028e+01 7.810873096852054553e-01 7.874586888175010291e-01
4.218999999999986272e+01 4.020000000000000284e+01 7.786310903195676758e-01 7.871046172374718264e-01
4.178399999999989944e+01 4.011999999999999744e+01 7.817045649234345417e-01 7.873817506724495319e-01
4.225799999999989609e+01 4.068999999999999773e+01 7.800121205224943566e-01 7.872948724479562621e-01
4.189799999999986824e+01 4.021000000000000085e+01 7.809025023432004664e-01 7.871925455746330291e-01
4.191199999999987824e+01 4.038000000000000256e+01 7.803148598687098536e-01 7.872932111574716396e-01
4.214599999999983737e+01 4.040000000000000568e+01 7.805747179740710751e-01 7.871721733736732896e-01
4.183999999999989683e+01 4.045000000000000284e+01 7.811177747428095230e-01 7.873838170421314508e-01
4.247399999999993980e+01 4.017999999999999972e+01 7.786085986192629038e-01 7.874657297096933073e-01
4.183399999999988239e+01 4.025000000000000000e+01 7.812543838699014254e-01 7.877268316880902121e-01
4.208999999999985420e+01 4.046000000000000085e+01 7.800821497130040472e-01 7.873202951891044021e-01
4.250799999999987477e+01 4.003000000000000114e+01 7.792596880956942362e-01 7.877176858244313573e-01
4.210599999999990217e+01 3.996999999999999886e+01 7.802927358749827125e-01 7.876209870924948397e-01
4.180799999999985772e+01 4.021999999999999886e+01 7.795333162764279678e-01 7.874015888761637383e-01
4.188599999999993884e+01 4.032999999999999829e+01 7.812728783801305976e-01 7.871835777770185283e-01
4.183399999999988239e+01 4.028999999999999915e+01 7.798427008854694753e-01 7.873455582515153095e-01
4.228399999999987813e+01 4.028999999999999915e+01 7.793321174276374164e-01 7.873983996895052018e-01
4.213799999999983470e+01 4.032000000000000028e+01 7.798563678429114576e-01 7.870517556014300364e-01
4.226199999999985835e+01 4.067000000000000171e+01 7.789639340284497671e-01 7.878308098659935199e-01
4.201599999999987745e+01 4.077000000000000313e+01 7.799532034393384938e-01 7.872143962132056583e-01
4.210799999999986909e+01 4.011999999999999744e+01 7.806163190444139754e-01 7.867904609607830890e-01
4.196199999999992514e+01 4.047999999999999687e+01 7.805277802312841073e-01 7.869149619765283266e-01
4.231599999999986039e+01 4.018999999999999773e+01 7.797038998908231155e-01 7.870880047948205505e-01
4.214199999999986090e+01 4.031000000000000227e+01 7.791852133720897911e-01 7.869031622216297039e-01
4.218599999999991468e+01 4.023999999999999488e+01 7.784223901010394187e-01 7.870440792384922890e-01
4.199799999999988387e+01 4.060999999999999943e+01 7.790782766926969138e-01 7.870122789739966152e-01
4.230399999999988836e+01 4.015000000000000568e+01 7.797695200263747850e-01 7.871617589393137271e-01
4.231999999999987949e+01 4.048999999999999488e+01 7.794191049347362066e-01 7.869490665625543668e-01
4.204399999999988324e+01 4.028999999999999915e+01 7.793663547735476538e-01 7.869306923748788929e-01
4.205199999999988592e+01 4.036999999999999744e+01 7.798671430580307318e-01 7.869049497089634082e-01
4.231199999999986261e+01 4.040000000000000568e+01 7.787605194690363497e-01 7.871645047198844170e-01
4.247599999999989961e+01 4.018999999999999773e+01 7.780778561997770959e-01 7.868772603512281805e-01
4.213599999999988910e+01 4.047999999999999687e+01 7.790835421118283977e-01 7.867588443245916441e-01
4.227999999999991587e+01 4.046999999999999886e+01 7.785610527938844339e-01 7.869168594485518309e-01
4.181799999999988415e+01 4.035000000000000142e+01 7.801797653901257901e-01 7.868290761754430651e-01
4.247199999999988762e+01 4.010999999999999943e+01 7.782074534525313947e-01 7.868551368454281825e-01
4.222999999999981924e+01 4.058999999999999631e+01 7.780965794477685549e-01 7.868582244300577067e-01
4.228799999999993275e+01 4.018999999999999773e+01 7.795110118449727343e-01 7.870432355236823829e-01
4.201399999999988921e+01 4.067999999999999972e+01 7.803913923678911235e-01 7.875697551453454404e-01
4.224399999999990740e+01 4.075000000000000000e+01 7.797303783203998195e-01 7.868186310061859867e-01
4.257599999999992235e+01 4.039000000000000057e+01 7.786699384573924076e-01 7.868741529583906935e-01
4.244799999999992224e+01 4.020000000000000284e+01 7.782646708334669539e-01 7.867268347027706055e-01
4.219799999999984408e+01 4.035000000000000142e+01 7.791591301137027470e-01 7.871756355916267323e-01
4.270599999999988228e+01 4.041000000000000369e+01 7.768549892566235515e-01 7.867260684022669981e-01
4.245199999999983476e+01 4.056000000000000227e+01 7.778064637484349841e-01 7.868583037270162617e-01
4.256399999999987216e+01 4.022999999999999687e+01 7.776165460859972844e-01 7.867278338967292894e-01
4.235999999999990706e+01 4.043999999999999773e+01 7.797851082938919154e-01 7.869844712777638307e-01
4.209799999999981424e+01 4.021999999999999886e+01 7.806315604236669925e-01 7.866676522041907704e-01
4.262799999999992195e+01 4.025999999999999801e+01 7.782401223007249236e-01 7.868269509803903494e-01
4.230199999999996407e+01 4.018999999999999773e+01 7.783548151645484081e-01 7.867019402189677768e-01
4.224199999999989075e+01 4.042000000000000171e+01 7.792420125628760630e-01 7.866645354841819149e-01
4.240999999999996817e+01 4.020000000000000284e+01 7.786758822080095399e-01 7.866810349062351992e-01
4.267199999999988336e+01 3.989000000000000057e+01 7.772550988684447937e-01 7.869427059155814641e-01
4.242999999999994287e+01 4.022999999999999687e+01 7.782699458280670779e-01 7.869885025099838671e-01
4.222799999999983811e+01 4.021999999999999886e+01 7.782073843487179454e-01 7.865775042313501997e-01
4.274999999999992184e+01 4.053999999999999915e+01 7.775873604801538663e-01 7.864906846813395358e-01
4.223199999999992116e+01 4.011999999999999744e+01 7.787978436601454835e-01 7.868822739678067446e-01
4.220199999999985607e+01 4.056000000000000227e+01 7.791555922518322852e-01 7.870491518825006860e-01
4.238599999999986068e+01 4.076000000000000512e+01 7.778225739390285387e-01 7.866455804131209373e-01
4.253999999999991388e+01 4.035999999999999943e+01 7.782481060263860551e-01 7.866166435120588440e-01
4.230799999999985772e+01 4.063000000000000256e+01 7.790342550709332681e-01 7.866801739294292384e-01
4.273199999999990695e+01 4.043999999999999773e+01 7.780066027719201305e-01 7.865605585116229870e-01
4.251799999999990831e+01 4.053000000000000114e+01 7.777037552868913961e-01 7.868362651413390862e-01
4.201399999999990342e+01 4.040000000000000568e+01 7.797339010827847305e-01 7.866788644159922184e-01
4.190199999999990865e+01 4.033999999999999631e+01 7.791194458386659916e-01 7.866297351475184385e-01
4.255999999999993122e+01 4.032000000000000028e+01 7.769996056619121738e-01 7.869206892607225612e-01
4.250999999999989853e+01 4.057999999999999829e+01 7.774922096003287209e-01 7.866009614376998638e-01
4.239999999999989910e+01 4.003000000000000114e+01 7.774602180048243438e-01 7.868503641473292287e-01
4.206199999999991235e+01 4.055000000000000426e+01 7.801986521092858506e-01 7.871463028917318194e-01
4.238399999999990797e+01 4.010999999999999943e+01 7.773552071170412026e-01 7.869610857974512763e-01
4.230399999999996652e+01 4.053999999999999915e+01 7.788682130433260964e-01 7.868370432274196524e-01
4.240999999999993264e+01 4.038000000000000256e+01 7.779592162063077021e-01 7.865778325429083617e-01
4.248399999999983123e+01 4.025999999999999801e+01 7.784088635662642641e-01 7.866204684468034447e-01
4.253199999999990411e+01 4.053999999999999915e+01 7.782428357997812629e-01 7.866233066345789116e-01
4.266799999999991400e+01 4.072999999999999687e+01 7.785292553116912595e-01 7.869576482292072184e-01
4.227799999999989922e+01 4.035999999999999943e+01 7.782679783637926896e-01 7.865967355055892840e-01
4.243999999999989825e+01 4.023999999999999488e+01 7.786734581870993210e-01 7.866800699286122800e-01
4.250399999999989120e+01 4.031000000000000227e+01 7.794008921236433851e-01 7.863475158501412876e-01
4.279199999999987369e+01 4.039000000000000057e+01 7.773715485089010002e-01 7.864537679744219023e-01
4.236999999999990507e+01 4.053000000000000114e+01 7.797483952093812176e-01 7.863916605262994963e-01
4.239599999999990132e+01 4.036999999999999744e+01 7.794545319836221342e-01 7.862975328007418829e-01
4.232599999999990104e+01 4.007999999999999829e+01 7.788713924575388914e-01 7.868608600826199062e-01
4.232199999999983930e+01 4.057999999999999829e+01 7.782560763816465110e-01 7.865033029464018055e-01
4.264799999999994640e+01 4.047999999999999687e+01 7.772289699419479003e-01 7.869710874755667662e-01
4.258199999999990837e+01 4.031000000000000227e+01 7.776129615498593717e-01 7.864828896652906742e-01
4.242799999999989780e+01 4.023999999999999488e+01 7.765074565378587979e-01 7.868608398369634216e-01
4.251199999999988677e+01 4.045000000000000284e+01 7.784200860211911710e-01 7.864828773876043622e-01
4.310799999999987620e+01 4.060999999999999943e+01 7.767689891947539005e-01 7.864750914132728754e-01
4.286199999999986687e+01 4.005000000000000426e+01 7.757856834925058731e-01 7.866946864054772393e-01
4.259999999999994458e+01 4.046999999999999886e+01 7.769455351965997014e-01 7.864751803862614077e-01
4.268799999999985317e+01 4.055000000000000426e+01 7.770695271627283685e-01 7.864394673574590655e-01
4.206399999999982242e+01 4.057999999999999829e+01 7.786651037854751545e-01 7.866559073035347405e-01
4.266799999999985005e+01 4.064000000000000057e+01 7.775044229483508706e-01 7.869161473363233128e-01
4.255999999999990990e+01 4.016000000000000369e+01 7.778462476916166990e-01 7.871217804577255173e-01
4.243799999999983896e+01 4.030000000000000426e+01 7.782778217333072845e-01 7.865308281993227402e-01
4.238599999999988199e+01 4.053000000000000114e+01 7.782103760312764074e-01 7.864530967504493875e-01
4.243399999999989092e+01 4.007999999999999829e+01 7.768742436070112944e-01 7.869669407455796017e-01
4.266799999999987136e+01 4.057999999999999829e+01 7.776331337030106816e-01 7.864828380418036335e-01
4.208199999999991547e+01 4.046000000000000085e+01 7.784123923471226725e-01 7.862204041616744910e-01
4.268999999999986983e+01 4.084999999999999432e+01 7.781434183864095466e-01 7.870431251783763793e-01
4.273799999999990717e+01 4.077000000000000313e+01 7.764840314700032220e-01 7.868509703566863855e-01
4.261799999999990263e+01 4.081000000000000227e+01 7.770779684329732762e-01 7.867036372825971791e-01
4.253399999999987102e+01 4.046999999999999886e+01 7.771516941434369885e-01 7.864501388806771631e-01
4.274999999999984368e+01 4.039000000000000057e+01 7.775970561499504496e-01 7.863176787437154980e-01
4.243999999999987693e+01 4.071000000000000085e+01 7.779143283845987300e-01 7.864801806523097349e-01
4.256799999999986284e+01 4.072999999999999687e+01 7.773457274678577944e-01 7.863011390499833331e-01
4.276199999999989387e+01 4.017999999999999972e+01 7.776760669506810331e-01 7.868384608319453077e-01
4.292799999999988358e+01 4.035999999999999943e+01 7.759691275376832120e-01 7.863803383029264182e-01
4.292199999999994731e+01 4.016000000000000369e+01 7.756497742603650769e-01 7.864154844214006346e-01
4.227599999999985414e+01 3.977000000000000313e+01 7.786266218093867986e-01 7.868925135004517513e-01
4.283399999999992502e+01 4.032999999999999829e+01 7.758688464777871996e-01 7.864641129657161667e-01
4.263599999999991041e+01 4.015000000000000568e+01 7.765882958665447644e-01 7.865130372999958874e-01
4.288799999999991286e+01 4.046000000000000085e+01 7.762435085870863505e-01 7.864967334244939989e-01
4.250199999999989586e+01 4.069999999999999574e+01 7.776043924068293256e-01 7.863824476181614509e-01
4.276599999999985613e+01 4.045000000000000284e+01 7.765118285485499428e-01 7.865601496273435522e-01
4.272799999999989495e+01 3.990000000000000568e+01 7.769181849276520779e-01 7.866566506450133334e-01
4.271199999999986829e+01 4.035000000000000142e+01 7.760459484373747330e-01 7.863602305846150164e-01
4.246799999999983299e+01 4.068999999999999773e+01 7.770749210681590080e-01 7.865730260208243507e-01
4.282799999999991769e+01 4.046999999999999886e+01 7.763799887256709331e-01 7.866365496672393931e-01
4.275799999999988898e+01 4.028999999999999915e+01 7.752141636271482339e-01 7.860746779589570243e-01
4.265199999999988023e+01 4.064999999999999858e+01 7.768010095805478743e-01 7.864054708472790756e-01
4.282599999999987972e+01 4.058999999999999631e+01 7.773253374143297423e-01 7.869182983477076565e-01
4.257199999999991746e+01 4.066000000000000369e+01 7.765858328157987378e-01 7.862119235918392235e-01
4.290199999999981628e+01 4.092999999999999972e+01 7.778486655354697188e-01 7.866323597230292508e-01
4.279399999999989745e+01 4.060000000000000142e+01 7.770442154969103843e-01 7.862364505368597545e-01
4.313599999999991041e+01 4.043999999999999773e+01 7.760712677237987522e-01 7.866490150289547900e-01
4.259399999999985198e+01 4.046999999999999886e+01 7.773779022821825091e-01 7.860718912233273237e-01
4.279799999999988813e+01 4.056000000000000227e+01 7.770943751692798163e-01 7.865731535450916079e-01
4.283799999999985175e+01 4.025999999999999801e+01 7.760865296267775992e-01 7.861491344222655275e-01
4.268799999999986738e+01 4.035000000000000142e+01 7.782288459449481222e-01 7.861522109566176919e-01
4.278599999999988768e+01 4.046999999999999886e+01 7.774150848610525966e-01 7.863750962112301401e-01
4.323399999999994492e+01 4.042000000000000171e+01 7.751786237309112870e-01 7.869325750388296292e-01
4.267399999999988580e+01 4.015000000000000568e+01 7.766148570870384793e-01 7.867016254976261225e-01
4.301599999999984192e+01 4.063000000000000256e+01 7.762490461515592077e-01 7.863648575084843939e-01
4.284399999999991593e+01 4.064000000000000057e+01 7.767155246675252478e-01 7.860640245741977727e-01
4.267399999999992133e+01 4.061999999999999744e+01 7.765406153428995317e-01 7.866373702224718212e-01
4.282999999999990592e+01 4.052000000000000313e+01 7.772770939777781107e-01 7.863241284536450770e-01
4.309999999999995879e+01 4.060999999999999943e+01 7.756255504794024036e-01 7.865331784071415422e-01
4.294799999999991513e+01 4.067999999999999972e+01 7.765673878759511428e-01 7.862495430357681059e-01
4.309399999999990882e+01 4.053000000000000114e+01 7.758551353828487818e-01 7.862575963285733938e-01
4.322799999999984522e+01 3.991000000000000369e+01 7.744024344313498176e-01 7.865831050747340569e-01
4.273999999999985988e+01 4.022999999999999687e+01 7.758483141976618702e-01 7.864446160954727816e-01
4.268199999999995953e+01 4.017999999999999972e+01 7.762466624079543687e-01 7.862917358681720259e-01
4.274999999999988631e+01 4.086999999999999744e+01 7.770738079420489441e-01 7.870414192850609947e-01
4.293399999999986960e+01 4.052000000000000313e+01 7.762020284444915985e-01 7.862127411916191022e-01
4.289999999999989910e+01 4.053999999999999915e+01 7.768775100578995119e-01 7.864511299893295337e-01
4.296199999999991093e+01 4.028999999999999915e+01 7.756181185399158018e-01 7.863238094161202341e-01
4.314399999999994861e+01 4.041000000000000369e+01 7.749652218679486948e-01 7.863031049157624963e-01
4.282599999999994367e+01 4.047999999999999687e+01 7.772110932097724412e-01 7.859897636313017966e-01
4.265799999999987335e+01 4.028999999999999915e+01 7.765279668865897600e-01 7.863538154101910038e-01
4.292199999999991178e+01 4.082999999999999829e+01 7.761479741509236252e-01 7.860933129043531364e-01
4.273199999999990695e+01 4.010999999999999943e+01 7.769359996867063467e-01 7.863412337660757867e-01
4.316999999999984539e+01 4.042999999999999972e+01 7.758769594780942080e-01 7.859604210913420097e-01
4.276599999999992008e+01 4.043999999999999773e+01 7.764652528833752010e-01 7.862604625734408437e-01
4.275199999999989586e+01 4.077000000000000313e+01 7.752917725401423654e-01 7.860449833959757271e-01
4.251599999999992718e+01 4.045000000000000284e+01 7.775997347542503713e-01 7.862413909488843444e-01
4.316399999999988779e+01 4.060999999999999943e+01 7.765112111422711738e-01 7.862542107161385463e-01
4.324799999999986966e+01 4.073999999999999488e+01 7.754893050798351561e-01 7.863361262958696862e-01
4.290999999999990422e+01 4.020000000000000284e+01 7.776234427938669702e-01 7.861258484470646790e-01
4.300399999999984146e+01 4.046000000000000085e+01 7.751889351680043561e-01 7.860809297347365332e-01
4.283199999999985863e+01 4.053000000000000114e+01 7.758761493876327187e-01 7.861296437287538241e-01
4.278799999999991144e+01 4.066000000000000369e+01 7.769684221723943685e-01 7.861785524410431769e-01
4.314799999999996771e+01 4.042999999999999972e+01 7.742602663975900468e-01 7.863631990102391001e-01
4.307399999999983464e+01 4.015000000000000568e+01 7.755490666553989110e-01 7.867667158244363579e-01
4.307999999999988461e+01 4.084999999999999432e+01 7.759164870363450817e-01 7.858434142514778564e-01
4.280799999999990035e+01 4.055000000000000426e+01 7.777861439877532534e-01 7.859258865955075501e-01
4.270999999999994401e+01 4.089999999999999858e+01 7.754066762788511813e-01 7.857498225754281362e-01
4.326199999999985835e+01 4.078000000000000114e+01 7.755063905564181237e-01 7.859078234871910151e-01
4.311399999999988353e+01 4.066000000000000369e+01 7.761975807179146702e-01 7.860787247541521916e-01
