5.000000000000000000e+01 5.000000000000000000e+01 6.936936378479003906e-01 6.963664889335632324e-01
5.000000000000000000e+01 5.000000000000000000e+01 6.925736665725708008e-01 7.014748454093933105e-01
5.000000000000000000e+01 5.000000000000000000e+01 6.902892589569091797e-01 6.958708167076110840e-01
5.000000000000000000e+01 5.000000000000000000e+01 6.910769343376159668e-01 6.962219476699829102e-01
5.000000000000000000e+01 5.000000000000000000e+01 6.909173130989074707e-01 6.972696185111999512e-01
5.000000000000000000e+01 5.000000000000000000e+01 6.900914311408996582e-01 6.990492939949035645e-01
5.000000000000000000e+01 5.000000000000000000e+01 6.887515783309936523e-01 7.043831944465637207e-01
5.000000000000000000e+01 5.066666603088378906e+01 6.847616434097290039e-01 7.323509454727172852e-01
5.600000023841857910e+01 5.199999809265136719e+01 6.863203644752502441e-01 7.128486633300781250e-01
5.022222399711608887e+01 5.000000000000000000e+01 6.831988096237182617e-01 7.027031183242797852e-01
