4.996666610240936279e+01 5.000000000000000000e+01 6.927384734153747559e-01 6.862056851387023926e-01
5.389999747276306152e+01 5.000000000000000000e+01 6.721900105476379395e-01 6.708755493164062500e-01
6.243333220481872559e+01 6.320000290870666504e+01 6.217766404151916504e-01 6.289333701133728027e-01
6.806666851043701172e+01 6.719999909400939941e+01 5.800266265869140625e-01 6.387366652488708496e-01
7.273333072662353516e+01 6.660000085830688477e+01 5.467877388000488281e-01 6.187311410903930664e-01
7.693333625793457031e+01 6.840000152587890625e+01 4.938846528530120850e-01 5.885244607925415039e-01
8.080000281333923340e+01 7.059999704360961914e+01 4.460129439830780029e-01 6.009649634361267090e-01
8.500000238418579102e+01 7.089999914169311523e+01 3.839883506298065186e-01 6.141710281372070312e-01
8.923333287239074707e+01 7.089999914169311523e+01 2.904731929302215576e-01 7.340015769004821777e-01
9.409999847412109375e+01 7.059999704360961914e+01 2.074070423841476440e-01 7.243289351463317871e-01
9.686666727066040039e+01 6.990000009536743164e+01 1.498615592718124390e-01 7.941709756851196289e-01
9.900000095367431641e+01 6.830000281333923340e+01 1.113922223448753357e-01 8.104057908058166504e-01
9.953333139419555664e+01 7.120000123977661133e+01 9.274607151746749878e-02 7.876684665679931641e-01
1.000000000000000000e+02 7.110000252723693848e+01 7.687483727931976318e-02 8.024098873138427734e-01
1.000000000000000000e+02 7.129999995231628418e+01 7.216459512710571289e-02 7.638686895370483398e-01
1.000000000000000000e+02 7.110000252723693848e+01 6.900345534086227417e-02 7.628666758537292480e-01
1.000000000000000000e+02 7.099999785423278809e+01 6.703455001115798950e-02 7.698767781257629395e-01
1.000000000000000000e+02 7.099999785423278809e+01 6.559794396162033081e-02 7.707586884498596191e-01
1.000000000000000000e+02 7.120000123977661133e+01 6.445082277059555054e-02 7.793298959732055664e-01
1.000000000000000000e+02 7.110000252723693848e+01 6.345710903406143188e-02 7.825707197189331055e-01
1.000000000000000000e+02 7.110000252723693848e+01 6.249473989009857178e-02 7.897147536277770996e-01
1.000000000000000000e+02 7.099999785423278809e+01 6.164973601698875427e-02 7.903903126716613770e-01
1.000000000000000000e+02 7.089999914169311523e+01 6.085852161049842834e-02 7.924452424049377441e-01
1.000000000000000000e+02 7.110000252723693848e+01 6.014322489500045776e-02 7.944379448890686035e-01
1.000000000000000000e+02 7.080000042915344238e+01 5.947692319750785828e-02 7.940134406089782715e-01
