6.263430765875307671e+00 2.233981926635713489e+00 5.585831762588462368e+00 2.179291041709908505e+00 2.777799999999999869e+01 1.894000000000000128e+01 3.050999999999999801e+01 2.469000000000000128e+01
5.292828657083389565e+00 2.144341498381857836e+00 5.190152801913511915e+00 2.111933761737813331e+00 3.356799999999999784e+01 2.660000000000000142e+01 3.403999999999999915e+01 2.912000000000000099e+01
5.073563739061041744e+00 2.086575699641626702e+00 5.007687843443330067e+00 2.067897331634917180e+00 3.470000000000000284e+01 2.902199999999999847e+01 3.501000000000000512e+01 3.009999999999999787e+01
4.929261167678441247e+00 2.048341712626354116e+00 4.903218006004873786e+00 2.035789727761134316e+00 3.563400000000000034e+01 3.060000000000000142e+01 3.574000000000000199e+01 2.997000000000000242e+01
4.855789226308536932e+00 2.024472968049558119e+00 4.839387663878249590e+00 2.010658520584680975e+00 3.578799999999999670e+01 3.116199999999999903e+01 3.564000000000000057e+01 3.234000000000000341e+01
4.753093866281179025e+00 1.997571735595973230e+00 4.820386809275148288e+00 1.990493007488012056e+00 3.690599999999999881e+01 3.230199999999999960e+01 3.582999999999999829e+01 3.191000000000000014e+01
4.718521670046162519e+00 1.981283978798452639e+00 4.792216668555638215e+00 1.974048643570413208e+00 3.649799999999999756e+01 3.274799999999999756e+01 3.573000000000000398e+01 3.292000000000000171e+01
4.661954102968453029e+00 1.964340121884466273e+00 4.712129700560466539e+00 1.959931042531318557e+00 3.707000000000000028e+01 3.350600000000000023e+01 3.696000000000000085e+01 3.316000000000000369e+01
4.668827738410318062e+00 1.949800887182697506e+00 4.708807591988963814e+00 1.948059434880777818e+00 3.718999999999999773e+01 3.377799999999999869e+01 3.627000000000000313e+01 3.381000000000000227e+01
4.625279288086957763e+00 1.940004794756493345e+00 4.664162143320593756e+00 1.938011564482196469e+00 3.776400000000000290e+01 3.391599999999999682e+01 3.709000000000000341e+01 3.422999999999999687e+01
4.590702376148943387e+00 1.928677729943778951e+00 4.645560863320788769e+00 1.928471326176971257e+00 3.758599999999999852e+01 3.463400000000000034e+01 3.680999999999999517e+01 3.410000000000000142e+01
4.587769201529258822e+00 1.921458809450564020e+00 4.636007044660814813e+00 1.920468344918514259e+00 3.785399999999999920e+01 3.455599999999999739e+01 3.689999999999999858e+01 3.442000000000000171e+01
4.548849448056658140e+00 1.916599398113953079e+00 4.609249173639122787e+00 1.913094600662727851e+00 3.786999999999999744e+01 3.468200000000000216e+01 3.753999999999999915e+01 3.466000000000000369e+01
4.530356227673359548e+00 1.908060110430427336e+00 4.600785108761123787e+00 1.906722160187187542e+00 3.801599999999999824e+01 3.534000000000000341e+01 3.716999999999999460e+01 3.496000000000000085e+01
4.524941211705607813e+00 1.901207580020468413e+00 4.614934732720598731e+00 1.900213681427693757e+00 3.777000000000000313e+01 3.524600000000000222e+01 3.704999999999999716e+01 3.496999999999999886e+01
4.537044235418015603e+00 1.898003410383529932e+00 4.585162788052053351e+00 1.895001240450690405e+00 3.853000000000000114e+01 3.507999999999999829e+01 3.725000000000000000e+01 3.522999999999999687e+01
4.496163188929561905e+00 1.892628553343427944e+00 4.582549324134348012e+00 1.889681973085221234e+00 3.822200000000000131e+01 3.563000000000000256e+01 3.798000000000000398e+01 3.560000000000000142e+01
4.433574191872834191e+00 1.887460637933545016e+00 4.586272940133897080e+00 1.885313021321740390e+00 3.877000000000000313e+01 3.568999999999999773e+01 3.674000000000000199e+01 3.557000000000000028e+01
4.455816768587089527e+00 1.881121635095108768e+00 4.545372765901985801e+00 1.880878021205594441e+00 3.859000000000000341e+01 3.609199999999999875e+01 3.792999999999999972e+01 3.571999999999999886e+01
4.435226506776699829e+00 1.879648627427756624e+00 4.528115779916671357e+00 1.877298394968171635e+00 3.849399999999999977e+01 3.631000000000000227e+01 3.800999999999999801e+01 3.596999999999999886e+01
4.413363138814638376e+00 1.871002181929394270e+00 4.529344619076259626e+00 1.872647105793505684e+00 3.892799999999999727e+01 3.635199999999999676e+01 3.796000000000000085e+01 3.578999999999999915e+01
4.409608609058927264e+00 1.867150123963201791e+00 4.526062363800805066e+00 1.869521870892967508e+00 3.897800000000000153e+01 3.652199999999999847e+01 3.789999999999999858e+01 3.575999999999999801e+01
4.394688685214724444e+00 1.860867495095386071e+00 4.532572069600496967e+00 1.865427131169744124e+00 3.916799999999999926e+01 3.663400000000000034e+01 3.785000000000000142e+01 3.607000000000000028e+01
4.386130607788101265e+00 1.856617374184285518e+00 4.524289173699161282e+00 1.863058250373621272e+00 3.941599999999999682e+01 3.669200000000000017e+01 3.795000000000000284e+01 3.632000000000000028e+01
4.382314609636838831e+00 1.857668159737185576e+00 4.499894630572661924e+00 1.859638316764959054e+00 3.893800000000000239e+01 3.686599999999999966e+01 3.839000000000000057e+01 3.635999999999999943e+01
4.380136078295030266e+00 1.849788253453225950e+00 4.512613179457855672e+00 1.856894039082288561e+00 3.920199999999999818e+01 3.692399999999999949e+01 3.800000000000000000e+01 3.659000000000000341e+01
4.341885906064854694e+00 1.852525081297189624e+00 4.485425581630105185e+00 1.854134251816648815e+00 3.941400000000000148e+01 3.685799999999999699e+01 3.844000000000000483e+01 3.675999999999999801e+01
4.341459803318459265e+00 1.845351788674509441e+00 4.482877823673462991e+00 1.851594917311288890e+00 3.940999999999999659e+01 3.727000000000000313e+01 3.829999999999999716e+01 3.675000000000000000e+01
4.345915127289810442e+00 1.846197640304762189e+00 4.475225833218489768e+00 1.848731157474177156e+00 3.934799999999999898e+01 3.726800000000000068e+01 3.872999999999999687e+01 3.671000000000000085e+01
4.361275617426652040e+00 1.842229895633130665e+00 4.514501523649142811e+00 1.846828817395889111e+00 3.956000000000000227e+01 3.775000000000000000e+01 3.773000000000000398e+01 3.699000000000000199e+01
4.341238099080424462e+00 1.832365776488413145e+00 4.482303475799979786e+00 1.844018475113209155e+00 3.971999999999999886e+01 3.769400000000000261e+01 3.835000000000000142e+01 3.664999999999999858e+01
4.347164781008421741e+00 1.827470079564223138e+00 4.479593050132113952e+00 1.841912266498880291e+00 3.965400000000000347e+01 3.757999999999999829e+01 3.828999999999999915e+01 3.698000000000000398e+01
4.356731011528540698e+00 1.832977412476734624e+00 4.466114450573131833e+00 1.839672602016734437e+00 3.955199999999999960e+01 3.750000000000000000e+01 3.807000000000000028e+01 3.700000000000000000e+01
4.311124760464878136e+00 1.834030526725465515e+00 4.480204183945063257e+00 1.837643694789383053e+00 3.966599999999999682e+01 3.746200000000000330e+01 3.829999999999999716e+01 3.713000000000000256e+01
4.309956950414685295e+00 1.828498955440772678e+00 4.466067325048963532e+00 1.835634532789520046e+00 3.974399999999999977e+01 3.755799999999999983e+01 3.864999999999999858e+01 3.717999999999999972e+01
4.299618596340510024e+00 1.837226090342062079e+00 4.459144487682452862e+00 1.834594924927681614e+00 4.007200000000000273e+01 3.749000000000000199e+01 3.844000000000000483e+01 3.707999999999999829e+01
4.334871458806531130e+00 1.831675902106689735e+00 4.452397555336251145e+00 1.832735331798080569e+00 3.980199999999999960e+01 3.770400000000000063e+01 3.851999999999999602e+01 3.739000000000000057e+01
4.285736982485652824e+00 1.828355814973153803e+00 4.459552818973394395e+00 1.830601324128213303e+00 3.978999999999999915e+01 3.771000000000000085e+01 3.867999999999999972e+01 3.709000000000000341e+01
4.324696881925935266e+00 1.833134171438868698e+00 4.485557738778917169e+00 1.829755314985021419e+00 3.965599999999999881e+01 3.742600000000000193e+01 3.765999999999999659e+01 3.749000000000000199e+01
4.303965565370763358e+00 1.820546644814552417e+00 4.471078621831892974e+00 1.827353315748563967e+00 3.989600000000000080e+01 3.821200000000000330e+01 3.759000000000000341e+01 3.734000000000000341e+01
4.277910985022349344e+00 1.827256497110989031e+00 4.441583766569005221e+00 1.826071419096695791e+00 4.029800000000000182e+01 3.785600000000000165e+01 3.867000000000000171e+01 3.754999999999999716e+01
4.295653091578741645e+00 1.819202575109700515e+00 4.446278961960870468e+00 1.824809649755251284e+00 3.977199999999999847e+01 3.815999999999999659e+01 3.840999999999999659e+01 3.758000000000000540e+01
4.250762207094613387e+00 1.820803296990566977e+00 4.450533484188462729e+00 1.822820483849650008e+00 4.028199999999999648e+01 3.823199999999999932e+01 3.867999999999999972e+01 3.753999999999999915e+01
4.298020949337602481e+00 1.820452674199753762e+00 4.432595665527895079e+00 1.821896477111641266e+00 4.013000000000000256e+01 3.793999999999999773e+01 3.845000000000000284e+01 3.768999999999999773e+01
4.258147688696857003e+00 1.816133098157804104e+00 4.427281612413636935e+00 1.820255436541859506e+00 4.036999999999999744e+01 3.796000000000000085e+01 3.869000000000000483e+01 3.768999999999999773e+01
4.240957829204713647e+00 1.805236075719388378e+00 4.416394984120693756e+00 1.818858057800611716e+00 4.012800000000000011e+01 3.868800000000000239e+01 3.907000000000000028e+01 3.770000000000000284e+01
4.268185302719738061e+00 1.808300034509344290e+00 4.428691724332038504e+00 1.818161809780844962e+00 3.988799999999999812e+01 3.842000000000000171e+01 3.870000000000000284e+01 3.764000000000000057e+01
4.259982291089846385e+00 1.811429237665907577e+00 4.434236074845760989e+00 1.816681415064231420e+00 4.026800000000000068e+01 3.849600000000000222e+01 3.896999999999999886e+01 3.779999999999999716e+01
4.264024909966589227e+00 1.802098820532237244e+00 4.442646510048403385e+00 1.815136157478713486e+00 4.014399999999999835e+01 3.893599999999999994e+01 3.859000000000000341e+01 3.789999999999999858e+01
4.267240916456221278e+00 1.809510344310939489e+00 4.445148745778554122e+00 1.814630573069800024e+00 4.022200000000000131e+01 3.841400000000000148e+01 3.840999999999999659e+01 3.775000000000000000e+01
4.232460368057854971e+00 1.813389868110276026e+00 4.431195337912948062e+00 1.813147265681086973e+00 4.040400000000000347e+01 3.818599999999999994e+01 3.846999999999999886e+01 3.794000000000000483e+01
4.247816729996353402e+00 1.808897637815554793e+00 4.445989489844813569e+00 1.811787756394041216e+00 4.042399999999999949e+01 3.836200000000000188e+01 3.874000000000000199e+01 3.796000000000000085e+01
4.199959754726504180e+00 1.804550429342039797e+00 4.406015529916287754e+00 1.810857230454901101e+00 4.125200000000000244e+01 3.864999999999999858e+01 3.878999999999999915e+01 3.801999999999999602e+01
4.272533007952386441e+00 1.796204400618265806e+00 4.422592028784425366e+00 1.809951122936651613e+00 4.019599999999999795e+01 3.901800000000000068e+01 3.882000000000000028e+01 3.792999999999999972e+01
4.221624809292179314e+00 1.813109227309777749e+00 4.415601867434552297e+00 1.809248139523856436e+00 4.075600000000000023e+01 3.792000000000000171e+01 3.892999999999999972e+01 3.811999999999999744e+01
4.233645955315973097e+00 1.804724200521752087e+00 4.432565209943753359e+00 1.807610481606351627e+00 4.065800000000000125e+01 3.854800000000000182e+01 3.862999999999999545e+01 3.807000000000000028e+01
4.207915765563299715e+00 1.803828450541463013e+00 4.411480527513885086e+00 1.806934550118717508e+00 4.096399999999999864e+01 3.834599999999999653e+01 3.882000000000000028e+01 3.807000000000000028e+01
4.217648600845600448e+00 1.801658082631007352e+00 4.407267660099629225e+00 1.806039520334910886e+00 4.077199999999999847e+01 3.865400000000000347e+01 3.882999999999999829e+01 3.810000000000000142e+01
4.215420080561281146e+00 1.793731618809431216e+00 4.418282712966846049e+00 1.805266185091418674e+00 4.052000000000000313e+01 3.859000000000000341e+01 3.850999999999999801e+01 3.806000000000000227e+01
4.218498648627581282e+00 1.799820149386151868e+00 4.412203230262368159e+00 1.804126015884788492e+00 4.078799999999999670e+01 3.854200000000000159e+01 3.887999999999999545e+01 3.821000000000000085e+01
4.203099799303952722e+00 1.796505953518996890e+00 4.394801538755712222e+00 1.803382221230677596e+00 4.098799999999999955e+01 3.856199999999999761e+01 3.920000000000000284e+01 3.809000000000000341e+01
4.197840967227763009e+00 1.800392770944380105e+00 4.428124318119707858e+00 1.802950614060454315e+00 4.064200000000000301e+01 3.872800000000000153e+01 3.853999999999999915e+01 3.817999999999999972e+01
4.191771777699854873e+00 1.797548614593448946e+00 4.403637760594018680e+00 1.801789047033810265e+00 4.093200000000000216e+01 3.845400000000000063e+01 3.916000000000000369e+01 3.832000000000000028e+01
4.160419016811568227e+00 1.789855206730144310e+00 4.395680160637972733e+00 1.800957833204410274e+00 4.078999999999999915e+01 3.892199999999999704e+01 3.903999999999999915e+01 3.834000000000000341e+01
4.215846470905015408e+00 1.792992895434977418e+00 4.401965974479637111e+00 1.800578340122590548e+00 4.065400000000000347e+01 3.880599999999999739e+01 3.882000000000000028e+01 3.839999999999999858e+01
4.192683374655979733e+00 1.787985166121096370e+00 4.412468642441448985e+00 1.800156489355148048e+00 4.121000000000000085e+01 3.886399999999999721e+01 3.876999999999999602e+01 3.827999999999999403e+01
4.129656275578858171e+00 1.793274006052977487e+00 4.394338212256780452e+00 1.798531309090527719e+00 4.122399999999999665e+01 3.876200000000000045e+01 3.926999999999999602e+01 3.839000000000000057e+01
4.185023102075303036e+00 1.794496617524072857e+00 4.392636986996938830e+00 1.798033063873204718e+00 4.085999999999999943e+01 3.903399999999999892e+01 3.896999999999999886e+01 3.849000000000000199e+01
4.179697756525138530e+00 1.786383375891088532e+00 4.398968406811547105e+00 1.796903055622501855e+00 4.092399999999999949e+01 3.910600000000000165e+01 3.887999999999999545e+01 3.832000000000000028e+01
4.153417492883115791e+00 1.778329658708870165e+00 4.382341205256167882e+00 1.796067101175041536e+00 4.103000000000000114e+01 3.959599999999999653e+01 3.953000000000000114e+01 3.832000000000000028e+01
4.175345133877083725e+00 1.785349116033921213e+00 4.392003959580898176e+00 1.795868367107420038e+00 4.106199999999999761e+01 3.896399999999999864e+01 3.907999999999999829e+01 3.847999999999999687e+01
4.183971082408313613e+00 1.781136005126351618e+00 4.395229110131997352e+00 1.794836375039639886e+00 4.127400000000000091e+01 3.937400000000000233e+01 3.926999999999999602e+01 3.821999999999999886e+01
4.189734431331403108e+00 1.789009534256374323e+00 4.384350777771334862e+00 1.794321450361027415e+00 4.107399999999999807e+01 3.925999999999999801e+01 3.929000000000000625e+01 3.829999999999999716e+01
4.145018747286356664e+00 1.786984486992183152e+00 4.380939298997650333e+00 1.793503897729743501e+00 4.133200000000000074e+01 3.906400000000000006e+01 3.926999999999999602e+01 3.836999999999999744e+01
4.139303155195056760e+00 1.780211648986646633e+00 4.392336950192595957e+00 1.793421303143201362e+00 4.124600000000000222e+01 3.905799999999999983e+01 3.887999999999999545e+01 3.869000000000000483e+01
4.184083446590689093e+00 1.773709051139841009e+00 4.406593814246849483e+00 1.792424458148837996e+00 4.118800000000000239e+01 3.948199999999999932e+01 3.881000000000000227e+01 3.849000000000000199e+01
4.144845399371148709e+00 1.791650206830734948e+00 4.387038812530353660e+00 1.791581222614642144e+00 4.119400000000000261e+01 3.893599999999999994e+01 3.897999999999999687e+01 3.846000000000000085e+01
4.111365913730959498e+00 1.782752093275054017e+00 4.379029464556318807e+00 1.791098083424163434e+00 4.155199999999999960e+01 3.903799999999999670e+01 3.939000000000000057e+01 3.837999999999999545e+01
4.140389222972239658e+00 1.775689630689609499e+00 4.397883647756241743e+00 1.790152592630307682e+00 4.109400000000000119e+01 3.945600000000000307e+01 3.906000000000000227e+01 3.870000000000000284e+01
4.174377778277966300e+00 1.790071485271938823e+00 4.384264134211365516e+00 1.790120342141980458e+00 4.117399999999999949e+01 3.881000000000000227e+01 3.885999999999999943e+01 3.851999999999999602e+01
4.167246454939535383e+00 1.779952287015967194e+00 4.371653945936821550e+00 1.789070288081489046e+00 4.083599999999999852e+01 3.907200000000000273e+01 3.914999999999999858e+01 3.887999999999999545e+01
4.157539607614793908e+00 1.780006109339471676e+00 4.399264173985264037e+00 1.788721420795176487e+00 4.103999999999999915e+01 3.924399999999999977e+01 3.889999999999999858e+01 3.864000000000000057e+01
4.115393662797506735e+00 1.779220440939682124e+00 4.378237652918251399e+00 1.788585022627136922e+00 4.122200000000000131e+01 3.955599999999999739e+01 3.922999999999999687e+01 3.853000000000000114e+01
4.167577448127882001e+00 1.770680075387002228e+00 4.409815368217181231e+00 1.787329311832774437e+00 4.095400000000000063e+01 3.950600000000000023e+01 3.884000000000000341e+01 3.872999999999999687e+01
4.132447056909259508e+00 1.785773812812084360e+00 4.377905476921841732e+00 1.787500184831817496e+00 4.153999999999999915e+01 3.916400000000000148e+01 3.903000000000000114e+01 3.880000000000000426e+01
4.160828555717418276e+00 1.786802992260791978e+00 4.385904818269480643e+00 1.786186281646850560e+00 4.122399999999999665e+01 3.894200000000000017e+01 3.910999999999999943e+01 3.885000000000000142e+01
4.128598112029469469e+00 1.778880224072017846e+00 4.377974958463995314e+00 1.785897082243647516e+00 4.124399999999999977e+01 3.943399999999999750e+01 3.885000000000000142e+01 3.876999999999999602e+01
4.132204345582935368e+00 1.776713761934190838e+00 4.369151724498649081e+00 1.785259486050447597e+00 4.119200000000000017e+01 3.929999999999999716e+01 3.932999999999999829e+01 3.882999999999999829e+01
4.138645306897914544e+00 1.772646906026553060e+00 4.367842190208188313e+00 1.784825424578597719e+00 4.160399999999999920e+01 3.960199999999999676e+01 3.948999999999999488e+01 3.892999999999999972e+01
4.117522128985765306e+00 1.772628257788140704e+00 4.419678099916269254e+00 1.784085339081076249e+00 4.138400000000000034e+01 3.927799999999999869e+01 3.832000000000000028e+01 3.897999999999999687e+01
4.095216153035691420e+00 1.774870762848575589e+00 4.377375125960242030e+00 1.783951725110547226e+00 4.138799999999999812e+01 3.932999999999999829e+01 3.921999999999999886e+01 3.867000000000000171e+01
4.109359407704558542e+00 1.772869322420783433e+00 4.389084611083777787e+00 1.783293001953171419e+00 4.150999999999999801e+01 3.932399999999999807e+01 3.875999999999999801e+01 3.870000000000000284e+01
4.118530032509155170e+00 1.770184728410123531e+00 4.371537967386532664e+00 1.782574312265990724e+00 4.160999999999999943e+01 3.955799999999999983e+01 3.901999999999999602e+01 3.885999999999999943e+01
4.126999652476152747e+00 1.771378303241050167e+00 4.363167422533849482e+00 1.782184031821193226e+00 4.133800000000000097e+01 3.946600000000000108e+01 3.920000000000000284e+01 3.896000000000000085e+01
4.112865633667725618e+00 1.769812134439306517e+00 4.375353065255927376e+00 1.781758286297541183e+00 4.154200000000000159e+01 3.960799999999999699e+01 3.924000000000000199e+01 3.882999999999999829e+01
4.104459697097347259e+00 1.773043907722231083e+00 4.375407151782386705e+00 1.781917551309405878e+00 4.158200000000000074e+01 3.969400000000000261e+01 3.916000000000000369e+01 3.903000000000000114e+01
4.122924936227536641e+00 1.766278121109770227e+00 4.368831564741718410e+00 1.781187336257537668e+00 4.151400000000000290e+01 3.998799999999999955e+01 3.921999999999999886e+01 3.903999999999999915e+01
4.109475922502923595e+00 1.766922043600678283e+00 4.378503938261709472e+00 1.780023982207600719e+00 4.154399999999999693e+01 3.983400000000000318e+01 3.881000000000000227e+01 3.903000000000000114e+01
4.098450445704814094e+00 1.772697226670657322e+00 4.379162128571934431e+00 1.779612531734703351e+00 4.146399999999999864e+01 3.954999999999999716e+01 3.946000000000000085e+01 3.903999999999999915e+01
4.114596512076876600e+00 1.771638181971395332e+00 4.366868036875769299e+00 1.779273319486217142e+00 4.182600000000000051e+01 3.934199999999999875e+01 3.935000000000000142e+01 3.885999999999999943e+01
4.096916612343841635e+00 1.770450402126785505e+00 4.375611800751689984e+00 1.778997828969477224e+00 4.141799999999999926e+01 3.966199999999999903e+01 3.899000000000000199e+01 3.936999999999999744e+01
4.099033691019736025e+00 1.771129797784702475e+00 4.377307823332008851e+00 1.778152572427009526e+00 4.186399999999999721e+01 3.961200000000000188e+01 3.910000000000000142e+01 3.896000000000000085e+01
4.102812710347965464e+00 1.771359120341330584e+00 4.393689263506157516e+00 1.777870053977219200e+00 4.178799999999999670e+01 3.956600000000000250e+01 3.910000000000000142e+01 3.900000000000000000e+01
4.058930914929242739e+00 1.766636706183800420e+00 4.361563429116851687e+00 1.777393868234155461e+00 4.204399999999999693e+01 3.956799999999999784e+01 3.930000000000000426e+01 3.939999999999999858e+01
4.099153223432871584e+00 1.762311282619853259e+00 4.388257084920049955e+00 1.777566151258936022e+00 4.143200000000000216e+01 3.962800000000000011e+01 3.931000000000000227e+01 3.903999999999999915e+01
4.136031619287996008e+00 1.768017593466810755e+00 4.373673880405068992e+00 1.776486977359020392e+00 4.134799999999999898e+01 4.012800000000000011e+01 3.901999999999999602e+01 3.884000000000000341e+01
4.099320704267755744e+00 1.764606536213636723e+00 4.375233192023664230e+00 1.776076970851714121e+00 4.157600000000000051e+01 4.001400000000000290e+01 3.931000000000000227e+01 3.897999999999999687e+01
4.107776325180442889e+00 1.766041687146786554e+00 4.359257790710906022e+00 1.775758788304113489e+00 4.139200000000000301e+01 3.958200000000000074e+01 3.885999999999999943e+01 3.903999999999999915e+01
4.101297681974780396e+00 1.765752362423894217e+00 4.367881153571487651e+00 1.776055849249593033e+00 4.144200000000000017e+01 3.964800000000000324e+01 3.916000000000000369e+01 3.917000000000000171e+01
4.079190112107315969e+00 1.763836311954972924e+00 4.377575860633955429e+00 1.775055435233781953e+00 4.169400000000000261e+01 3.989999999999999858e+01 3.901999999999999602e+01 3.917000000000000171e+01
4.081925510447232064e+00 1.765956627296653147e+00 4.376783136611368086e+00 1.775112614511319187e+00 4.174199999999999733e+01 3.979399999999999693e+01 3.896000000000000085e+01 3.937999999999999545e+01
4.072840950190703246e+00 1.767244055113643464e+00 4.370149043457216997e+00 1.774068200478776891e+00 4.172999999999999687e+01 3.965999999999999659e+01 3.934000000000000341e+01 3.900000000000000000e+01
4.066305811046703411e+00 1.767284270916540168e+00 4.385783293112026193e+00 1.774582375291355207e+00 4.147200000000000131e+01 3.964200000000000301e+01 3.907000000000000028e+01 3.906000000000000227e+01
4.057039509888631379e+00 1.772582887721891876e+00 4.379279807065600494e+00 1.774057034637705588e+00 4.211399999999999721e+01 3.974199999999999733e+01 3.878999999999999915e+01 3.914000000000000057e+01
4.138773401339015834e+00 1.763451894744206161e+00 4.369742978013027468e+00 1.773189641205866307e+00 4.144200000000000017e+01 3.998199999999999932e+01 3.936999999999999744e+01 3.914000000000000057e+01
4.091933184443606208e+00 1.760713280298582539e+00 4.366107237905231031e+00 1.773156722383163020e+00 4.161999999999999744e+01 4.004599999999999937e+01 3.907999999999999829e+01 3.926999999999999602e+01
4.119109232835759471e+00 1.766465564981578584e+00 4.363243898453677438e+00 1.773403884621761684e+00 4.158599999999999852e+01 4.002199999999999847e+01 3.919000000000000483e+01 3.914999999999999858e+01
4.088945710376673759e+00 1.762415584220468734e+00 4.385876950787411133e+00 1.772593631237293854e+00 4.179800000000000182e+01 4.013000000000000256e+01 3.936999999999999744e+01 3.890999999999999659e+01
4.107230914656028631e+00 1.773115367994987146e+00 4.359985954058307911e+00 1.771796751447586082e+00 4.161200000000000188e+01 3.946399999999999864e+01 3.896999999999999886e+01 3.914000000000000057e+01
4.075242259254658883e+00 1.756548319017237070e+00 4.360653717296785636e+00 1.771902218723556688e+00 4.161399999999999721e+01 3.996800000000000352e+01 3.912999999999999545e+01 3.914999999999999858e+01
4.080566976902765042e+00 1.760799792315963952e+00 4.388599439404139879e+00 1.771634642911823043e+00 4.173199999999999932e+01 4.008200000000000074e+01 3.930000000000000426e+01 3.910000000000000142e+01
4.051774727746495941e+00 1.758234869743142026e+00 4.362572813173083652e+00 1.771394778508281753e+00 4.213000000000000256e+01 3.982999999999999829e+01 3.909000000000000341e+01 3.934000000000000341e+01
4.074469024529597583e+00 1.754971188713271957e+00 4.370612633959319204e+00 1.770829793667751062e+00 4.178799999999999670e+01 3.995400000000000063e+01 3.928000000000000114e+01 3.917999999999999972e+01
4.082844365630046823e+00 1.758541707002253096e+00 4.375856537072706942e+00 1.770532728095104646e+00 4.170799999999999841e+01 4.018200000000000216e+01 3.907000000000000028e+01 3.905000000000000426e+01
4.047810051583424773e+00 1.759225956875464236e+00 4.368651734711198387e+00 1.770504534961495402e+00 4.204399999999999693e+01 4.014600000000000080e+01 3.945000000000000284e+01 3.941000000000000369e+01
4.036334439409444919e+00 1.757448975957483395e+00 4.366494267389145811e+00 1.769612982671905810e+00 4.213000000000000256e+01 4.017999999999999972e+01 3.932000000000000028e+01 3.920000000000000284e+01
4.049373162534503301e+00 1.763741086220795395e+00 4.368586337628910243e+00 1.769707164920353515e+00 4.215800000000000125e+01 3.992199999999999704e+01 3.947999999999999687e+01 3.932999999999999829e+01
4.074016422517605207e+00 1.760370405499323665e+00 4.366636692899991345e+00 1.769058673152128058e+00 4.152600000000000335e+01 3.987800000000000011e+01 3.920000000000000284e+01 3.907000000000000028e+01
4.085504621653995194e+00 1.756941574634631964e+00 4.402918987151487329e+00 1.769795808422619077e+00 4.182399999999999807e+01 4.014200000000000301e+01 3.829999999999999716e+01 3.894000000000000483e+01
4.073631422804696811e+00 1.756601558988455158e+00 4.381034443890023944e+00 1.768242350216968406e+00 4.174000000000000199e+01 4.021800000000000352e+01 3.929000000000000625e+01 3.928000000000000114e+01
4.060280599772112531e+00 1.760140245542746840e+00 4.373951512606105041e+00 1.768284132460795410e+00 4.201200000000000045e+01 3.984400000000000119e+01 3.911999999999999744e+01 3.907999999999999829e+01
4.064661255930231754e+00 1.759074924362685088e+00 4.377701292358509022e+00 1.767741410120699186e+00 4.167999999999999972e+01 4.011200000000000188e+01 3.878999999999999915e+01 3.939000000000000057e+01
4.068404590059114589e+00 1.754920733933324817e+00 4.364412343502673153e+00 1.767505646494551996e+00 4.199199999999999733e+01 4.027400000000000091e+01 3.935999999999999943e+01 3.939000000000000057e+01
4.037409846134043967e+00 1.757358042452354718e+00 4.352316847743876060e+00 1.766925213723209431e+00 4.185399999999999920e+01 4.000600000000000023e+01 3.960999999999999943e+01 3.919000000000000483e+01
4.055681320781951094e+00 1.746291869770178806e+00 4.364483556763203431e+00 1.766844695727775250e+00 4.180400000000000205e+01 4.038400000000000034e+01 3.914000000000000057e+01 3.943999999999999773e+01
4.043042837008592905e+00 1.757281631269783428e+00 4.365068094861512371e+00 1.766447009833924220e+00 4.207399999999999807e+01 4.009799999999999898e+01 3.924000000000000199e+01 3.939999999999999858e+01
4.048694593451131141e+00 1.757058071540636313e+00 4.356696927255584662e+00 1.765868466905277767e+00 4.197599999999999909e+01 4.035199999999999676e+01 3.925000000000000000e+01 3.941000000000000369e+01
4.013646768981443458e+00 1.744588274225598923e+00 4.374753228824235229e+00 1.766176103202442560e+00 4.245799999999999841e+01 4.083200000000000074e+01 3.910999999999999943e+01 3.939000000000000057e+01
4.056535239398159298e+00 1.756698876656042296e+00 4.347249852409417414e+00 1.765974775439720590e+00 4.175200000000000244e+01 4.029599999999999937e+01 3.975999999999999801e+01 3.957000000000000028e+01
4.046911285429922955e+00 1.746491936196644224e+00 4.352919018171869325e+00 1.765329062373167668e+00 4.221399999999999864e+01 4.044800000000000040e+01 3.945000000000000284e+01 3.953000000000000114e+01
4.043600667537521787e+00 1.753570133656664254e+00 4.373091379574055360e+00 1.765270469671756270e+00 4.217600000000000193e+01 4.041199999999999903e+01 3.967000000000000171e+01 3.951999999999999602e+01
4.045985813767867256e+00 1.754447257903055668e+00 4.350872067220989514e+00 1.764560606943119003e+00 4.204200000000000159e+01 4.068399999999999750e+01 3.946000000000000085e+01 3.950000000000000000e+01
4.021678033469910041e+00 1.748019690098516765e+00 4.354067873956522838e+00 1.764477315281065550e+00 4.239399999999999835e+01 4.065599999999999881e+01 3.950999999999999801e+01 3.942000000000000171e+01
4.030000567043524384e+00 1.754238115526885800e+00 4.355102290581791102e+00 1.764714411476063338e+00 4.231000000000000227e+01 4.041799999999999926e+01 3.928000000000000114e+01 3.925000000000000000e+01
4.028539212515498846e+00 1.749550040737201551e+00 4.348569021369784515e+00 1.763975154799595213e+00 4.194800000000000040e+01 4.058599999999999852e+01 3.967999999999999972e+01 3.950999999999999801e+01
4.032256561496595282e+00 1.742586808724734482e+00 4.372898174135720240e+00 1.763679188103561168e+00 4.215999999999999659e+01 4.067799999999999727e+01 3.864000000000000057e+01 3.971000000000000085e+01
4.046679588834880548e+00 1.744812328701044857e+00 4.379454520690131858e+00 1.763177937727494093e+00 4.204800000000000182e+01 4.077199999999999847e+01 3.932000000000000028e+01 3.947999999999999687e+01
4.004802223588659338e+00 1.749713780002837726e+00 4.369167873095069154e+00 1.763432503665866680e+00 4.189800000000000324e+01 4.033599999999999852e+01 3.922999999999999687e+01 3.955000000000000426e+01
4.053578651869424121e+00 1.752938264884732034e+00 4.360198850580349728e+00 1.762950033760858792e+00 4.185399999999999920e+01 4.014600000000000080e+01 3.953999999999999915e+01 3.966000000000000369e+01
4.017182768632238776e+00 1.746075482884143382e+00 4.357344993708877290e+00 1.763438656876987976e+00 4.217999999999999972e+01 4.040999999999999659e+01 3.926999999999999602e+01 3.957000000000000028e+01
4.044679983784082111e+00 1.747535580961082413e+00 4.358826304751322489e+00 1.762541426953619705e+00 4.200800000000000267e+01 4.068399999999999750e+01 3.929000000000000625e+01 3.958999999999999631e+01
4.082091779296539436e+00 1.751978906733987262e+00 4.350009921783899003e+00 1.762540984473915273e+00 4.175800000000000267e+01 4.033599999999999852e+01 3.932000000000000028e+01 3.956000000000000227e+01
4.039715635935988480e+00 1.740989153219520302e+00 4.357601964437284536e+00 1.762268576458146274e+00 4.231799999999999784e+01 4.055199999999999960e+01 3.975000000000000000e+01 3.972999999999999687e+01
4.052895244926489227e+00 1.751437832152440199e+00 4.366623177659651134e+00 1.761684839420194049e+00 4.185600000000000165e+01 4.029800000000000182e+01 3.942000000000000171e+01 3.960000000000000142e+01
4.022522979378033270e+00 1.747255273652918772e+00 4.359121680365485751e+00 1.761627053232881490e+00 4.256400000000000006e+01 4.043599999999999994e+01 3.931000000000000227e+01 3.953999999999999915e+01
3.993022091857261646e+00 1.746724104236659469e+00 4.362269835435925280e+00 1.761598692853123094e+00 4.235799999999999699e+01 4.056199999999999761e+01 3.922999999999999687e+01 3.968999999999999773e+01
3.981377063821310180e+00 1.745837584707851775e+00 4.359938125525332886e+00 1.761372883827987845e+00 4.270600000000000307e+01 4.057200000000000273e+01 3.977000000000000313e+01 3.962999999999999545e+01
4.036229980552380248e+00 1.740481284062377121e+00 4.358837214216263689e+00 1.761118248039146073e+00 4.206799999999999784e+01 4.067000000000000171e+01 3.894000000000000483e+01 3.957999999999999829e+01
4.030045179925598298e+00 1.745022356354113624e+00 4.381910453354914026e+00 1.760898443483871034e+00 4.191199999999999903e+01 4.063600000000000279e+01 3.951999999999999602e+01 3.989000000000000057e+01
4.045569029667699823e+00 1.749056849469063035e+00 4.347116974265370359e+00 1.760818332832106314e+00 4.196999999999999886e+01 4.042199999999999704e+01 3.935999999999999943e+01 3.960000000000000142e+01
4.030969508526622391e+00 1.747230780177206899e+00 4.359950530644245426e+00 1.760735429591423706e+00 4.200600000000000023e+01 4.054399999999999693e+01 3.980000000000000426e+01 3.972999999999999687e+01
4.029995590593478560e+00 1.748965164406291795e+00 4.368379047457788822e+00 1.759782382531175360e+00 4.213600000000000279e+01 4.029800000000000182e+01 3.911999999999999744e+01 3.970000000000000284e+01
4.024190260117650908e+00 1.740601335379439618e+00 4.353316942562671876e+00 1.759905799107160496e+00 4.216199999999999903e+01 4.071399999999999864e+01 3.946000000000000085e+01 3.967000000000000171e+01
4.000422922750710875e+00 1.752109403956492839e+00 4.358826248824361649e+00 1.759510640356626743e+00 4.232200000000000273e+01 4.059599999999999653e+01 3.946999999999999886e+01 3.967999999999999972e+01
4.012610991448850584e+00 1.749500423673767235e+00 4.353646265204445420e+00 1.758998195902182760e+00 4.224000000000000199e+01 4.034400000000000119e+01 3.950999999999999801e+01 4.007999999999999829e+01
4.014317056011280194e+00 1.744630633742451087e+00 4.351215539258300957e+00 1.759183721805612777e+00 4.210799999999999699e+01 4.061999999999999744e+01 3.972999999999999687e+01 3.975000000000000000e+01
3.981925186575009157e+00 1.743993354652537242e+00 4.358030372248451023e+00 1.759772849554341212e+00 4.254399999999999693e+01 4.044800000000000040e+01 3.948999999999999488e+01 3.981000000000000227e+01
3.965479294610691152e+00 1.743586035698456049e+00 4.366458004044986296e+00 1.758491036886135284e+00 4.282999999999999829e+01 4.070400000000000063e+01 3.932999999999999829e+01 3.975999999999999801e+01
4.027373959686712190e+00 1.747092655481744750e+00 4.348280319646807612e+00 1.758731417328954771e+00 4.199199999999999733e+01 4.062800000000000011e+01 3.925000000000000000e+01 3.982999999999999829e+01
4.030814040715896773e+00 1.736091027845610313e+00 4.391269683254080292e+00 1.758068947235807311e+00 4.192000000000000171e+01 4.091599999999999682e+01 3.878000000000000114e+01 3.960999999999999943e+01
4.032683827505224805e+00 1.733945256484457520e+00 4.366450202825942206e+00 1.758112147783943424e+00 4.231199999999999761e+01 4.106199999999999761e+01 3.942000000000000171e+01 3.961999999999999744e+01
4.029924289658683989e+00 1.747312875979978752e+00 4.349820622338502751e+00 1.757835854691891742e+00 4.229599999999999937e+01 4.047800000000000153e+01 3.912999999999999545e+01 3.972999999999999687e+01
3.983972923375570740e+00 1.749201710730176496e+00 4.357488767004610963e+00 1.757567712977993857e+00 4.229399999999999693e+01 4.079399999999999693e+01 3.947999999999999687e+01 3.972999999999999687e+01
3.987929532871877569e+00 1.743055333689429443e+00 4.354354159009058201e+00 1.757172670298829509e+00 4.259400000000000119e+01 4.084199999999999875e+01 3.939999999999999858e+01 3.975999999999999801e+01
4.006528117201678008e+00 1.748790017922170037e+00 4.356014107100849131e+00 1.757340163060406635e+00 4.221399999999999864e+01 4.064800000000000324e+01 3.947999999999999687e+01 3.986999999999999744e+01
3.983928767907254809e+00 1.737331247449461991e+00 4.356021336825135037e+00 1.757070910964703359e+00 4.196000000000000085e+01 4.099000000000000199e+01 3.942000000000000171e+01 3.996999999999999886e+01
3.997262576360055775e+00 1.741038619363749707e+00 4.342944245618975074e+00 1.757260931254308156e+00 4.211200000000000188e+01 4.101400000000000290e+01 3.967000000000000171e+01 3.998999999999999488e+01
4.031501414603901878e+00 1.740176657166780938e+00 4.359378441093398671e+00 1.756478171073946548e+00 4.210399999999999920e+01 4.071999999999999886e+01 3.931000000000000227e+01 3.985000000000000142e+01
4.013921789776048854e+00 1.737532579518491493e+00 4.356345346569801436e+00 1.756817957594045465e+00 4.203600000000000136e+01 4.129200000000000159e+01 3.935999999999999943e+01 3.975000000000000000e+01
3.981148322633301984e+00 1.741172733332975175e+00 4.356631802635564377e+00 1.756507960519896550e+00 4.264000000000000057e+01 4.093599999999999994e+01 3.935999999999999943e+01 3.978999999999999915e+01
3.988654850978760269e+00 1.741243037363025659e+00 4.359304649744966120e+00 1.756695563836337071e+00 4.253000000000000114e+01 4.108400000000000318e+01 3.917000000000000171e+01 3.978000000000000114e+01
3.983987363239619661e+00 1.739904738984147770e+00 4.346968798984983451e+00 1.755936583584726485e+00 4.208800000000000097e+01 4.071600000000000108e+01 3.966000000000000369e+01 3.983999999999999631e+01
4.012520805076157160e+00 1.738563590116145807e+00 4.347994828194400085e+00 1.755519956174923069e+00 4.217999999999999972e+01 4.086999999999999744e+01 3.934000000000000341e+01 3.986999999999999744e+01
3.971343337229601644e+00 1.747794894999299853e+00 4.358396689598698970e+00 1.755367102457896733e+00 4.232600000000000051e+01 4.079200000000000159e+01 3.932000000000000028e+01 3.981000000000000227e+01
3.970766701876917715e+00 1.739609363955866961e+00 4.362876490567758836e+00 1.755607667491843715e+00 4.282800000000000296e+01 4.102799999999999869e+01 3.953000000000000114e+01 3.996000000000000085e+01
4.009463956839982579e+00 1.741142892664346187e+00 4.357408744275683254e+00 1.755217456170026669e+00 4.225000000000000000e+01 4.074199999999999733e+01 3.932999999999999829e+01 3.990000000000000568e+01
4.016465891503285590e+00 1.743234378954300778e+00 4.350754062522042886e+00 1.755364363233618663e+00 4.196600000000000108e+01 4.092399999999999949e+01 3.958999999999999631e+01 3.982000000000000028e+01
4.006412799536950509e+00 1.742599115142621446e+00 4.373838762037131289e+00 1.754926884933164288e+00 4.249199999999999733e+01 4.114999999999999858e+01 3.925999999999999801e+01 3.993999999999999773e+01
3.992172226561701898e+00 1.742218836042768171e+00 4.356490869676155953e+00 1.754499066428236942e+00 4.226400000000000290e+01 4.093399999999999750e+01 3.935000000000000142e+01 3.966000000000000369e+01
3.972896507903978858e+00 1.742758003016825707e+00 4.357953478576027884e+00 1.754440076959127071e+00 4.238600000000000279e+01 4.061800000000000210e+01 3.912999999999999545e+01 3.978999999999999915e+01
3.973346791001476142e+00 1.736774425967005042e+00 4.346372742103705278e+00 1.754272595614371655e+00 4.264800000000000324e+01 4.110199999999999676e+01 3.956000000000000227e+01 3.978000000000000114e+01
3.980666222869219339e+00 1.732969356059971267e+00 4.354346100494125515e+00 1.754808667577302028e+00 4.242799999999999727e+01 4.107600000000000051e+01 3.950999999999999801e+01 3.980000000000000426e+01
3.950076561182634727e+00 1.739236901188891515e+00 4.354628937109744413e+00 1.753965873663009711e+00 4.256199999999999761e+01 4.102400000000000091e+01 3.945000000000000284e+01 3.990000000000000568e+01
3.980346734853131174e+00 1.741413136180853805e+00 4.353055388627902644e+00 1.753744117070286546e+00 4.245600000000000307e+01 4.090400000000000347e+01 3.958999999999999631e+01 3.993999999999999773e+01
3.999714162088929381e+00 1.736936372017347630e+00 4.349675118115878369e+00 1.753465585926657244e+00 4.207999999999999829e+01 4.094800000000000040e+01 3.921999999999999886e+01 3.991000000000000369e+01
3.978480791572405195e+00 1.737640758862406321e+00 4.341764561079669349e+00 1.753471695987124157e+00 4.243399999999999750e+01 4.111200000000000188e+01 3.967000000000000171e+01 3.977000000000000313e+01
3.966990291746470998e+00 1.738879124142288290e+00 4.348982879566631432e+00 1.753006012621977749e+00 4.290200000000000102e+01 4.133599999999999852e+01 3.971999999999999886e+01 3.977000000000000313e+01
3.960591992455571475e+00 1.732166763279051613e+00 4.368610561349347776e+00 1.752786149607692856e+00 4.274799999999999756e+01 4.139200000000000301e+01 3.889999999999999858e+01 3.991000000000000369e+01
4.045901247153639524e+00 1.736520629752395628e+00 4.360535752236097906e+00 1.753086963178608126e+00 4.205400000000000205e+01 4.088799999999999812e+01 3.942999999999999972e+01 3.991000000000000369e+01
3.988299340206815646e+00 1.734631053378992371e+00 4.356985306793030865e+00 1.752838064356658121e+00 4.232600000000000051e+01 4.102600000000000335e+01 3.946000000000000085e+01 3.989000000000000057e+01
3.996517065604735297e+00 1.730854025445039079e+00 4.365015047521752400e+00 1.752602313295734682e+00 4.236200000000000188e+01 4.088799999999999812e+01 3.947999999999999687e+01 3.982000000000000028e+01
4.006224471330834369e+00 1.737774542468145667e+00 4.364800003491147606e+00 1.752515956159839572e+00 4.203000000000000114e+01 4.099600000000000222e+01 3.946000000000000085e+01 3.992999999999999972e+01
4.011137410459149066e+00 1.734388474833041149e+00 4.355093248243296244e+00 1.751682072445094773e+00 4.226800000000000068e+01 4.140200000000000102e+01 3.947999999999999687e+01 3.985999999999999943e+01
3.986922759327963472e+00 1.738040196248133773e+00 4.352281750283701456e+00 1.751987624464247384e+00 4.235799999999999699e+01 4.089000000000000057e+01 3.951999999999999602e+01 3.991000000000000369e+01
3.992396324935285623e+00 1.738604067492358851e+00 4.358818020917325065e+00 1.751910130179806346e+00 4.242000000000000171e+01 4.091599999999999682e+01 3.953000000000000114e+01 3.991000000000000369e+01
4.001997780354122902e+00 1.736116092953861045e+00 4.351001204153347679e+00 1.751943181250608106e+00 4.250800000000000267e+01 4.117600000000000193e+01 3.939999999999999858e+01 3.975000000000000000e+01
4.021367041254575447e+00 1.735156468157379672e+00 4.372531523274570731e+00 1.751050587249086465e+00 4.232800000000000296e+01 4.103399999999999892e+01 3.934000000000000341e+01 3.970000000000000284e+01
3.965840198065337052e+00 1.734595054018457594e+00 4.359725586003102116e+00 1.751097519692847548e+00 4.245799999999999841e+01 4.094800000000000040e+01 3.947999999999999687e+01 3.997999999999999687e+01
3.983240795741513018e+00 1.727834258099693931e+00 4.350127843329922861e+00 1.751071028756984171e+00 4.235600000000000165e+01 4.132399999999999807e+01 3.960999999999999943e+01 4.006000000000000227e+01
3.991227203623059161e+00 1.732412238814165173e+00 4.358353553081785847e+00 1.750838106505610225e+00 4.223599999999999710e+01 4.150399999999999778e+01 3.912999999999999545e+01 3.982000000000000028e+01
3.931838619709718596e+00 1.729285890119901081e+00 4.358226452553463304e+00 1.750954754387450407e+00 4.293800000000000239e+01 4.118999999999999773e+01 3.962999999999999545e+01 3.986999999999999744e+01
3.966128957180385051e+00 1.729704721504334408e+00 4.354275440602930480e+00 1.750789140938470601e+00 4.244599999999999795e+01 4.114200000000000301e+01 3.967000000000000171e+01 3.982000000000000028e+01
3.966721115036420109e+00 1.731952222217639115e+00 4.354729046772062517e+00 1.750027042130844590e+00 4.231600000000000250e+01 4.107000000000000028e+01 3.967000000000000171e+01 3.993999999999999773e+01
3.997516945275835898e+00 1.729846446105089086e+00 4.355129147254528377e+00 1.750127041853671850e+00 4.223799999999999955e+01 4.128600000000000136e+01 3.929000000000000625e+01 3.990000000000000568e+01
3.940430633943582617e+00 1.729398597690676498e+00 4.361879672173922806e+00 1.749897514512073871e+00 4.278399999999999892e+01 4.115999999999999659e+01 3.945000000000000284e+01 4.006000000000000227e+01
4.020984979952813454e+00 1.730489726334639489e+00 4.363567383437172431e+00 1.749781557375865493e+00 4.219800000000000040e+01 4.142000000000000171e+01 3.941000000000000369e+01 3.995000000000000284e+01
3.987058259231868185e+00 1.734817993826021532e+00 4.361661647919638618e+00 1.749839987886754766e+00 4.231000000000000227e+01 4.088799999999999812e+01 3.896999999999999886e+01 4.000999999999999801e+01
3.951350939584918898e+00 1.726645182306978610e+00 4.353840821014690832e+00 1.749466867971608552e+00 4.262400000000000233e+01 4.122999999999999687e+01 3.925000000000000000e+01 3.978000000000000114e+01
3.952132387135331548e+00 1.729420554224358364e+00 4.347512194892008353e+00 1.750402271561854128e+00 4.263600000000000279e+01 4.094200000000000017e+01 3.947999999999999687e+01 3.996999999999999886e+01
3.969159409021566720e+00 1.736186307187612909e+00 4.372262691904688303e+00 1.748950937604373035e+00 4.276800000000000068e+01 4.091799999999999926e+01 3.919000000000000483e+01 4.007000000000000028e+01
3.988722262905570748e+00 1.732538404931482701e+00 4.370995330193000683e+00 1.748614268311698527e+00 4.247800000000000153e+01 4.115999999999999659e+01 3.916000000000000369e+01 3.987999999999999545e+01
3.937352136885437837e+00 1.727090532249137667e+00 4.352505810002783804e+00 1.749027907864747045e+00 4.240999999999999659e+01 4.140800000000000125e+01 3.928000000000000114e+01 3.986999999999999744e+01
3.966648185464443976e+00 1.723370565342034810e+00 4.356978220262967660e+00 1.748774370821076340e+00 4.270600000000000307e+01 4.153399999999999892e+01 3.924000000000000199e+01 4.011999999999999744e+01
3.973575534904196349e+00 1.738020519109804374e+00 4.348822426911049810e+00 1.748698704380105218e+00 4.257999999999999829e+01 4.088600000000000279e+01 3.961999999999999744e+01 3.997999999999999687e+01
3.967139477369050482e+00 1.734072948237632694e+00 4.358920317058676552e+00 1.748547119231253166e+00 4.251800000000000068e+01 4.136999999999999744e+01 3.957999999999999829e+01 3.987999999999999545e+01
3.908341350610959886e+00 1.726157578670571846e+00 4.363774052405965165e+00 1.748483711019615860e+00 4.313400000000000034e+01 4.171200000000000330e+01 3.967000000000000171e+01 4.018999999999999773e+01
3.972152515382994853e+00 1.731405326190283311e+00 4.358726025847289520e+00 1.748525242338586194e+00 4.270400000000000063e+01 4.154800000000000182e+01 3.935000000000000142e+01 4.010000000000000142e+01
3.950810551000309534e+00 1.732171595199690550e+00 4.338212143462383708e+00 1.747795385541824009e+00 4.283400000000000318e+01 4.107000000000000028e+01 3.975000000000000000e+01 4.021000000000000085e+01
3.958846380252857955e+00 1.730888565298070558e+00 4.347567533460293454e+00 1.748600549715977337e+00 4.233800000000000097e+01 4.124799999999999756e+01 3.937999999999999545e+01 4.020000000000000284e+01
3.933706941250898925e+00 1.733986336643533965e+00 4.346622822766327943e+00 1.748172991118374320e+00 4.271399999999999864e+01 4.109000000000000341e+01 3.967000000000000171e+01 4.025000000000000000e+01
3.950902888228311927e+00 1.731329204540922984e+00 4.370500768469271158e+00 1.747507563009201847e+00 4.258400000000000318e+01 4.139200000000000301e+01 3.934000000000000341e+01 4.018999999999999773e+01
3.972238359229855575e+00 1.732080777132676053e+00 4.366928252298343693e+00 1.747822959445688662e+00 4.254399999999999693e+01 4.112400000000000233e+01 3.960999999999999943e+01 4.028999999999999915e+01
3.978762866494199191e+00 1.725279898786291177e+00 4.354648525984520013e+00 1.747269668065170700e+00 4.240999999999999659e+01 4.161200000000000188e+01 3.968999999999999773e+01 4.010000000000000142e+01
3.941370095356514280e+00 1.737300342106511852e+00 4.356593721827350052e+00 1.747272327323215357e+00 4.291799999999999926e+01 4.088600000000000279e+01 3.980000000000000426e+01 4.031000000000000227e+01
3.987593510768866256e+00 1.724953120432851428e+00 4.365142250648557543e+00 1.747158500138036752e+00 4.262599999999999767e+01 4.174199999999999733e+01 3.957999999999999829e+01 4.025999999999999801e+01
3.978320337806546814e+00 1.726314189892948825e+00 4.362015198883319123e+00 1.747102316816754541e+00 4.247999999999999687e+01 4.159599999999999653e+01 3.973999999999999488e+01 4.042000000000000171e+01
3.939871642672380325e+00 1.733583672490987437e+00 4.359988477889660707e+00 1.747136161232501816e+00 4.284000000000000341e+01 4.106600000000000250e+01 3.947999999999999687e+01 4.010000000000000142e+01
3.957190807221858897e+00 1.722479721454824197e+00 4.365917722380069144e+00 1.746649210202329883e+00 4.260999999999999943e+01 4.150000000000000000e+01 3.912999999999999545e+01 4.010000000000000142e+01
3.942996801822877373e+00 1.726657343720452875e+00 4.358365400185664207e+00 1.746744711341565726e+00 4.235399999999999920e+01 4.118599999999999994e+01 3.946000000000000085e+01 4.025000000000000000e+01
3.936037034873677509e+00 1.731427410372067710e+00 4.356435501917959030e+00 1.746431282446248012e+00 4.252199999999999847e+01 4.136599999999999966e+01 3.932000000000000028e+01 4.039000000000000057e+01
3.964477529218494389e+00 1.723004409227096634e+00 4.347986026366527312e+00 1.746213245721786711e+00 4.256799999999999784e+01 4.143999999999999773e+01 3.960000000000000142e+01 4.017000000000000171e+01
3.925518458330599536e+00 1.726686801513412917e+00 4.365954068055354576e+00 1.746924708333098319e+00 4.269400000000000261e+01 4.119400000000000261e+01 3.934000000000000341e+01 4.038000000000000256e+01
3.969060939448914027e+00 1.736392326886747384e+00 4.358237954754489607e+00 1.746364067232537121e+00 4.283200000000000074e+01 4.122399999999999665e+01 3.935000000000000142e+01 4.042000000000000171e+01
3.975940688416235602e+00 1.730543210846786417e+00 4.357668842819893307e+00 1.746594923530418564e+00 4.242399999999999949e+01 4.124600000000000222e+01 3.953999999999999915e+01 4.007000000000000028e+01
3.954708170358866237e+00 1.730869458020206642e+00 4.387347345774193386e+00 1.745966283428478150e+00 4.261599999999999966e+01 4.130599999999999739e+01 3.856000000000000227e+01 3.997999999999999687e+01
3.987299474886766060e+00 1.730173551524808007e+00 4.370602262281007455e+00 1.746184769497876044e+00 4.205599999999999739e+01 4.124000000000000199e+01 3.917999999999999972e+01 4.015000000000000568e+01
3.958140178163231937e+00 1.728423140528260626e+00 4.358344537624213366e+00 1.746125883808840484e+00 4.271999999999999886e+01 4.134599999999999653e+01 3.948999999999999488e+01 4.000000000000000000e+01
3.981599377205750301e+00 1.728485335297380354e+00 4.345989444757609732e+00 1.746008730797099950e+00 4.229399999999999693e+01 4.111200000000000188e+01 3.962999999999999545e+01 4.006000000000000227e+01
3.952645253085834032e+00 1.724214117097193633e+00 4.352058562207421488e+00 1.746009487870197274e+00 4.287599999999999767e+01 4.165599999999999881e+01 3.957000000000000028e+01 4.025999999999999801e+01
3.936460612082484989e+00 1.731871909022696387e+00 4.379668869500454420e+00 1.745435400647581403e+00 4.313199999999999790e+01 4.139000000000000057e+01 3.920000000000000284e+01 4.025999999999999801e+01
3.920225096224541961e+00 1.718534404850691866e+00 4.356900365589084778e+00 1.745423550054824746e+00 4.299399999999999977e+01 4.209400000000000119e+01 3.957000000000000028e+01 3.992000000000000171e+01
3.938993517854847859e+00 1.720030973795384721e+00 4.363134953302175489e+00 1.745386473300683861e+00 4.258599999999999852e+01 4.152199999999999847e+01 3.935999999999999943e+01 3.989000000000000057e+01
3.948363080226681365e+00 1.726422820239839062e+00 4.368417523542953873e+00 1.745116009320634598e+00 4.274399999999999977e+01 4.172399999999999665e+01 3.921999999999999886e+01 4.020000000000000284e+01
3.944602458709101533e+00 1.724430055948883656e+00 4.355406489672433601e+00 1.745063267736398638e+00 4.256199999999999761e+01 4.126800000000000068e+01 3.946000000000000085e+01 4.023999999999999488e+01
3.950845321608487559e+00 1.723296565838789318e+00 4.361454435044725741e+00 1.745079593356763104e+00 4.282399999999999807e+01 4.144599999999999795e+01 3.960999999999999943e+01 4.007999999999999829e+01
3.966420362909241604e+00 1.718395894135604784e+00 4.374232669338130819e+00 1.744662999763611833e+00 4.264399999999999835e+01 4.176599999999999824e+01 3.953999999999999915e+01 4.030000000000000426e+01
3.902475527530197219e+00 1.732592432279522532e+00 4.355471017142548362e+00 1.744592084005067711e+00 4.308400000000000318e+01 4.110799999999999699e+01 3.950000000000000000e+01 4.020000000000000284e+01
3.960549831290726797e+00 1.726910611949675323e+00 4.364467965135281347e+00 1.745449744505801037e+00 4.250399999999999778e+01 4.150000000000000000e+01 3.903999999999999915e+01 4.025999999999999801e+01
3.962092705253902114e+00 1.718317271985299932e+00 4.371145362062305750e+00 1.744308568523989633e+00 4.254399999999999693e+01 4.183599999999999852e+01 3.907999999999999829e+01 4.027000000000000313e+01
3.890001416329055939e+00 1.720837277280920175e+00 4.361107318237075425e+00 1.744287719257586744e+00 4.290200000000000102e+01 4.191599999999999682e+01 3.942999999999999972e+01 4.008999999999999631e+01
3.941986264001764884e+00 1.718201755721972424e+00 4.349852790141819803e+00 1.744426739886945521e+00 4.281600000000000250e+01 4.191799999999999926e+01 3.960999999999999943e+01 4.035000000000000142e+01
3.914651672081774336e+00 1.721870525582798628e+00 4.370815039955297188e+00 1.744324321760958973e+00 4.273599999999999710e+01 4.172399999999999665e+01 3.917999999999999972e+01 4.043999999999999773e+01
3.914969565074160940e+00 1.724509663532310055e+00 4.350774212677560371e+00 1.744792462428698565e+00 4.265999999999999659e+01 4.148199999999999932e+01 3.958999999999999631e+01 4.030000000000000426e+01
3.967850547198964684e+00 1.725891590253769481e+00 4.354308133029991090e+00 1.744339727776714977e+00 4.266799999999999926e+01 4.131600000000000250e+01 3.948999999999999488e+01 4.043999999999999773e+01
3.943829404044828291e+00 1.724867656338992639e+00 4.351976806823406818e+00 1.744003379027711853e+00 4.264600000000000080e+01 4.184199999999999875e+01 3.926999999999999602e+01 4.014000000000000057e+01
3.944663447659863209e+00 1.714359386943756336e+00 4.367076317278929309e+00 1.743880274788938145e+00 4.278399999999999892e+01 4.192199999999999704e+01 3.986999999999999744e+01 4.031000000000000227e+01
3.907519519716509571e+00 1.730385688165680280e+00 4.355435301143780080e+00 1.743851084722384037e+00 4.305799999999999983e+01 4.111200000000000188e+01 3.946000000000000085e+01 4.017000000000000171e+01
3.975459524171665038e+00 1.724214558012768128e+00 4.360553287037798320e+00 1.744055981149086998e+00 4.262199999999999989e+01 4.160000000000000142e+01 3.925000000000000000e+01 4.003999999999999915e+01
3.919430764771037801e+00 1.718217829097000271e+00 4.369537319722676116e+00 1.743021199290580858e+00 4.286200000000000188e+01 4.193599999999999994e+01 3.920000000000000284e+01 4.014000000000000057e+01
3.918311075839501001e+00 1.722348667584366444e+00 4.373625188663425867e+00 1.743627120612843084e+00 4.240599999999999881e+01 4.159000000000000341e+01 3.917000000000000171e+01 4.021000000000000085e+01
3.933590924759881702e+00 1.731210942960432542e+00 4.371059351064840115e+00 1.743372200066830802e+00 4.287400000000000233e+01 4.111599999999999966e+01 3.931000000000000227e+01 4.040000000000000568e+01
3.906673034649775555e+00 1.724061673223233893e+00 4.367797058481306394e+00 1.742817088903809708e+00 4.299799999999999756e+01 4.143999999999999773e+01 3.929000000000000625e+01 4.027000000000000313e+01
3.953114418671726416e+00 1.724682579129186655e+00 4.357956551102263099e+00 1.742921932708363375e+00 4.275399999999999778e+01 4.159000000000000341e+01 3.920000000000000284e+01 4.030000000000000426e+01
3.949432765911542464e+00 1.721038807525783199e+00 4.361550306994997683e+00 1.742519562076642492e+00 4.228399999999999892e+01 4.167199999999999704e+01 3.921999999999999886e+01 4.018999999999999773e+01
3.950859680643131089e+00 1.723574488570398522e+00 4.370940364386119548e+00 1.743535952297268654e+00 4.245400000000000063e+01 4.160999999999999943e+01 3.911999999999999744e+01 4.038000000000000256e+01
3.948852686898904452e+00 1.720789930751348118e+00 4.352264004270935516e+00 1.743149412183961688e+00 4.319599999999999795e+01 4.166199999999999903e+01 3.934000000000000341e+01 4.023999999999999488e+01
3.954104664361601351e+00 1.720618528212392695e+00 4.351932558361404801e+00 1.742538052582497832e+00 4.261800000000000210e+01 4.149199999999999733e+01 3.932999999999999829e+01 4.007999999999999829e+01
3.960253830613420511e+00 1.715404766497291122e+00 4.361761899237130535e+00 1.742466597621349145e+00 4.275000000000000000e+01 4.171600000000000108e+01 3.935000000000000142e+01 4.032000000000000028e+01
3.921085497221221239e+00 1.716807307694471874e+00 4.369341708296256677e+00 1.742483384558108916e+00 4.271000000000000085e+01 4.166599999999999682e+01 3.864000000000000057e+01 4.039000000000000057e+01
3.934084917827238126e+00 1.725720252324343118e+00 4.370789317098862981e+00 1.741962463979769282e+00 4.264600000000000080e+01 4.168200000000000216e+01 3.924000000000000199e+01 4.023999999999999488e+01
3.930993385265255213e+00 1.727539098210194357e+00 4.361472020472790589e+00 1.742607217561611632e+00 4.270799999999999841e+01 4.142799999999999727e+01 3.943999999999999773e+01 4.040000000000000568e+01
3.945513106559410232e+00 1.709097897999833249e+00 4.360657049920850348e+00 1.742630683332226260e+00 4.252799999999999869e+01 4.179399999999999693e+01 3.942999999999999972e+01 4.036999999999999744e+01
3.904291271903042038e+00 1.715233212672607976e+00 4.376250642303709526e+00 1.742391789428590076e+00 4.274600000000000222e+01 4.210000000000000142e+01 3.917000000000000171e+01 4.025000000000000000e+01
3.921175560240250935e+00 1.722718100768107607e+00 4.357387864383047038e+00 1.741481027244275337e+00 4.280199999999999960e+01 4.146200000000000330e+01 3.936999999999999744e+01 4.035000000000000142e+01
3.918760414350378252e+00 1.724542871435036817e+00 4.354823727194613525e+00 1.741764027202329146e+00 4.283599999999999852e+01 4.158800000000000097e+01 3.935999999999999943e+01 4.025000000000000000e+01
3.924244350380952984e+00 1.722364882695566202e+00 4.354150272174432068e+00 1.741428031156584622e+00 4.279399999999999693e+01 4.137599999999999767e+01 3.925000000000000000e+01 4.043999999999999773e+01
3.939359543440561939e+00 1.721599928756082143e+00 4.364308011367811879e+00 1.741227480701796004e+00 4.311999999999999744e+01 4.167399999999999949e+01 3.950000000000000000e+01 4.032000000000000028e+01
3.912204307747926268e+00 1.723180194919325503e+00 4.389355567433981697e+00 1.741489132838999421e+00 4.298799999999999955e+01 4.147200000000000131e+01 3.907000000000000028e+01 4.022999999999999687e+01
3.929744106051671793e+00 1.719810010050740079e+00 4.368022534315120886e+00 1.741235630742054674e+00 4.290800000000000125e+01 4.174799999999999756e+01 3.901999999999999602e+01 4.048999999999999488e+01
3.916736911408874366e+00 1.714831201966108720e+00 4.350494133219086734e+00 1.741332549267377017e+00 4.281000000000000227e+01 4.195400000000000063e+01 3.942999999999999972e+01 4.032000000000000028e+01
3.913436194939806434e+00 1.717690079636333023e+00 4.348290449761416987e+00 1.740800826178927174e+00 4.274600000000000222e+01 4.153799999999999670e+01 3.946999999999999886e+01 4.035000000000000142e+01
3.959918984700270261e+00 1.721735851494410330e+00 4.363060247347912757e+00 1.740987759341107388e+00 4.257000000000000028e+01 4.161200000000000188e+01 3.955000000000000426e+01 4.021999999999999886e+01
3.967542847281579022e+00 1.713233995648079766e+00 4.356813562108731830e+00 1.741310709715914617e+00 4.230400000000000205e+01 4.185399999999999920e+01 3.935000000000000142e+01 4.032999999999999829e+01
3.953246316770068436e+00 1.717690394399844500e+00 4.389129912793406696e+00 1.741126150906960879e+00 4.278600000000000136e+01 4.168399999999999750e+01 3.876999999999999602e+01 4.018999999999999773e+01
3.891282524232598572e+00 1.717060077048787603e+00 4.371035503144775625e+00 1.741175921908868940e+00 4.292399999999999949e+01 4.160199999999999676e+01 3.935000000000000142e+01 4.040000000000000568e+01
3.910733804094425281e+00 1.719738457916832663e+00 4.352383544347205202e+00 1.740739441638721186e+00 4.289399999999999835e+01 4.133800000000000097e+01 3.936999999999999744e+01 4.042999999999999972e+01
3.903940675632922019e+00 1.722338629304101865e+00 4.399760162988868295e+00 1.740710910570713699e+00 4.292999999999999972e+01 4.195600000000000307e+01 3.850999999999999801e+01 4.028000000000000114e+01
3.901500245221921404e+00 1.724789435004979721e+00 4.359448100597341558e+00 1.740183814148627439e+00 4.291599999999999682e+01 4.204999999999999716e+01 3.964000000000000057e+01 4.035999999999999943e+01
3.921294561992386463e+00 1.710110480877914840e+00 4.373275943211891281e+00 1.740899057253712190e+00 4.277600000000000335e+01 4.211599999999999966e+01 3.928000000000000114e+01 4.022999999999999687e+01
3.932012097202435275e+00 1.716272657085273545e+00 4.366050381987858664e+00 1.740322899302583881e+00 4.265599999999999881e+01 4.179800000000000182e+01 3.931000000000000227e+01 4.022999999999999687e+01
3.938143473216161095e+00 1.719144350335519045e+00 4.364262827763496055e+00 1.740485786192203399e+00 4.243999999999999773e+01 4.174399999999999977e+01 3.975999999999999801e+01 4.025999999999999801e+01
3.943979767336866171e+00 1.711438189895169160e+00 4.362592255686186249e+00 1.740714832158094749e+00 4.225800000000000267e+01 4.201400000000000290e+01 3.943999999999999773e+01 4.018999999999999773e+01
3.883711183395117228e+00 1.714455172552044715e+00 4.365055108382426496e+00 1.740425109969275352e+00 4.301400000000000290e+01 4.197999999999999687e+01 3.975999999999999801e+01 4.035999999999999943e+01
3.893910096637754226e+00 1.713674765258264454e+00 4.348764892443169217e+00 1.740159217673508341e+00 4.295400000000000063e+01 4.185199999999999676e+01 3.935000000000000142e+01 4.042999999999999972e+01
3.913528393661406479e+00 1.710255297506356520e+00 4.359356756496720386e+00 1.739707911341827673e+00 4.274600000000000222e+01 4.239999999999999858e+01 3.947999999999999687e+01 4.032999999999999829e+01
3.882271862600226164e+00 1.720782874710035326e+00 4.360955437466901508e+00 1.739577998493734290e+00 4.313199999999999790e+01 4.173199999999999932e+01 3.946999999999999886e+01 4.023999999999999488e+01
3.920192913339302088e+00 1.714170626917968843e+00 4.359349666894863695e+00 1.739716143506431667e+00 4.291799999999999926e+01 4.189200000000000301e+01 3.942000000000000171e+01 4.033999999999999631e+01
3.927496194859937173e+00 1.710685419354224246e+00 4.387283911206841580e+00 1.739916337546667302e+00 4.293800000000000239e+01 4.242000000000000171e+01 3.931000000000000227e+01 4.028000000000000114e+01
3.905159092363525097e+00 1.711953960465417257e+00 4.359075601017436519e+00 1.739492257248594242e+00 4.278600000000000136e+01 4.216799999999999926e+01 3.970000000000000284e+01 4.040000000000000568e+01
3.938967280389486625e+00 1.714668874477524252e+00 4.355615775840705695e+00 1.739742846695685685e+00 4.268200000000000216e+01 4.157999999999999829e+01 3.946999999999999886e+01 4.033999999999999631e+01
3.934461699230255682e+00 1.724117221777221598e+00 4.377761791713843387e+00 1.740165302975960948e+00 4.283800000000000097e+01 4.159199999999999875e+01 3.953000000000000114e+01 4.039000000000000057e+01
3.900443392852057212e+00 1.714701670706884951e+00 4.381061454741328909e+00 1.739395264683227138e+00 4.298799999999999955e+01 4.181199999999999761e+01 3.876999999999999602e+01 4.053999999999999915e+01
3.900351130533703081e+00 1.722133790174431578e+00 4.373663901706699164e+00 1.739572721991698767e+00 4.304599999999999937e+01 4.175200000000000244e+01 3.939999999999999858e+01 4.057999999999999829e+01
3.888292190582326668e+00 1.714283952857020621e+00 4.369424625504942483e+00 1.739387175706714750e+00 4.284000000000000341e+01 4.200399999999999778e+01 3.926999999999999602e+01 4.028999999999999915e+01
3.925750512368636702e+00 1.713948352510936246e+00 4.363479487782046640e+00 1.739939452576147794e+00 4.289600000000000080e+01 4.162800000000000011e+01 3.932999999999999829e+01 4.038000000000000256e+01
3.920277938005633622e+00 1.708826457014403388e+00 4.362478303491246656e+00 1.739317088406440837e+00 4.275800000000000267e+01 4.189600000000000080e+01 3.939999999999999858e+01 4.040000000000000568e+01
3.905427753593368578e+00 1.715494421629411237e+00 4.359041887616690758e+00 1.739505638362184747e+00 4.298400000000000176e+01 4.211599999999999966e+01 3.957000000000000028e+01 4.028000000000000114e+01
3.892803605503270425e+00 1.714033942996262327e+00 4.354916826689203546e+00 1.738837960786556947e+00 4.296000000000000085e+01 4.186399999999999721e+01 3.943999999999999773e+01 4.041000000000000369e+01
3.892860911712206828e+00 1.711455939221877776e+00 4.369504123182789357e+00 1.739230520564732263e+00 4.301800000000000068e+01 4.211800000000000210e+01 3.931000000000000227e+01 4.046000000000000085e+01
3.886002711991721092e+00 1.718203396660053617e+00 4.349764071933478249e+00 1.738956213834561337e+00 4.322599999999999909e+01 4.179399999999999693e+01 3.972999999999999687e+01 4.060000000000000142e+01
3.918923643758468245e+00 1.712770273244712094e+00 4.367395294993574595e+00 1.738645796309659541e+00 4.278600000000000136e+01 4.196600000000000108e+01 3.950000000000000000e+01 4.046999999999999886e+01
3.905364492710157620e+00 1.723166962386458723e+00 4.363215305862003568e+00 1.738779125737236253e+00 4.292600000000000193e+01 4.147599999999999909e+01 3.920000000000000284e+01 4.056000000000000227e+01
3.897231620073589919e+00 1.712157798762923955e+00 4.358178181039177979e+00 1.738635684052200592e+00 4.282999999999999829e+01 4.209599999999999653e+01 3.943999999999999773e+01 4.066000000000000369e+01
3.917360967311351860e+00 1.703960432448056839e+00 4.380266663345726563e+00 1.738862339987206518e+00 4.263000000000000256e+01 4.211200000000000188e+01 3.911999999999999744e+01 4.042999999999999972e+01
3.945577336315462702e+00 1.714349801978761079e+00 4.364489050857930152e+00 1.738614044437674755e+00 4.237400000000000233e+01 4.192399999999999949e+01 3.925000000000000000e+01 4.046000000000000085e+01
3.886210132940688400e+00 1.714613264783627633e+00 4.358637348084428709e+00 1.738265283351400070e+00 4.299399999999999977e+01 4.187199999999999989e+01 3.942999999999999972e+01 4.036999999999999744e+01
3.922282336888841314e+00 1.710254319880477825e+00 4.359515841705271733e+00 1.738243643921193460e+00 4.258800000000000097e+01 4.250399999999999778e+01 3.920000000000000284e+01 4.057999999999999829e+01
3.928225870111356599e+00 1.709254940002158385e+00 4.367613271565597977e+00 1.738175598849225789e+00 4.263799999999999812e+01 4.186599999999999966e+01 3.941000000000000369e+01 4.063000000000000256e+01
3.920435001524693153e+00 1.714562334058011617e+00 4.397865857618302066e+00 1.738370837794533275e+00 4.301800000000000068e+01 4.194800000000000040e+01 3.928000000000000114e+01 4.040000000000000568e+01
3.934060748358637394e+00 1.711143797930054111e+00 4.361430768800825142e+00 1.738031788230336216e+00 4.280799999999999983e+01 4.185999999999999943e+01 3.953000000000000114e+01 4.077000000000000313e+01
3.923867067418675969e+00 1.709729539561148703e+00 4.364667085108216327e+00 1.737872188491380365e+00 4.281199999999999761e+01 4.214399999999999835e+01 3.932999999999999829e+01 4.047999999999999687e+01
3.910935328007486778e+00 1.715999066395189621e+00 4.357354816491389116e+00 1.738043379931627941e+00 4.286999999999999744e+01 4.182000000000000028e+01 3.917000000000000171e+01 4.056000000000000227e+01
3.903905811670975279e+00 1.710801951064025772e+00 4.367127548874218057e+00 1.737765655937191456e+00 4.237599999999999767e+01 4.203799999999999670e+01 3.939000000000000057e+01 4.039000000000000057e+01
3.893757838678097549e+00 1.713906903926005754e+00 4.372310610608141523e+00 1.737793642292960739e+00 4.323599999999999710e+01 4.176599999999999824e+01 3.947999999999999687e+01 4.064999999999999858e+01
3.932318230732919861e+00 1.711189893802609108e+00 4.398223089709248690e+00 1.738786400695771839e+00 4.252400000000000091e+01 4.214999999999999858e+01 3.864999999999999858e+01 4.064999999999999858e+01
3.876506903490450018e+00 1.724292088209895768e+00 4.391776032940296837e+00 1.737563434945844199e+00 4.339000000000000057e+01 4.179200000000000159e+01 3.885000000000000142e+01 4.045000000000000284e+01
3.910040032160704282e+00 1.715345176289766238e+00 4.381516045164100426e+00 1.737779768073107522e+00 4.292199999999999704e+01 4.211200000000000188e+01 3.911999999999999744e+01 4.057999999999999829e+01
3.926945222778639444e+00 1.708604159165571623e+00 4.361292529968700649e+00 1.737197739181661094e+00 4.272399999999999665e+01 4.217600000000000193e+01 3.953999999999999915e+01 4.050000000000000000e+01
3.881998574649027312e+00 1.711888399928646720e+00 4.360312052581091891e+00 1.737243195305960164e+00 4.327799999999999869e+01 4.185000000000000142e+01 3.960000000000000142e+01 4.050000000000000000e+01
3.910998400794898799e+00 1.716915658948552359e+00 4.362238197898094860e+00 1.737270405952273000e+00 4.306000000000000227e+01 4.190800000000000125e+01 3.958999999999999631e+01 4.055000000000000426e+01
3.899512871717619511e+00 1.714829596396393985e+00 4.361787726039274560e+00 1.737560472314243931e+00 4.283400000000000318e+01 4.183200000000000074e+01 3.946999999999999886e+01 4.045000000000000284e+01
3.882050664724885358e+00 1.712145041308437809e+00 4.356450759674058482e+00 1.737059048244856019e+00 4.328799999999999670e+01 4.194599999999999795e+01 3.950000000000000000e+01 4.060999999999999943e+01
3.904611122685258451e+00 1.716314605034578111e+00 4.360889128608851806e+00 1.737626624560269617e+00 4.293599999999999994e+01 4.169599999999999795e+01 3.958999999999999631e+01 4.052000000000000313e+01
3.948489855643400936e+00 1.711090700564995570e+00 4.355167144841384008e+00 1.737033973189856972e+00 4.272599999999999909e+01 4.218399999999999750e+01 3.956000000000000227e+01 4.056000000000000227e+01
3.855428661808208535e+00 1.714497665820308159e+00 4.365550417153357010e+00 1.737422552880021343e+00 4.310399999999999920e+01 4.204599999999999937e+01 3.937999999999999545e+01 4.058999999999999631e+01
3.884101834508349782e+00 1.714570547612576101e+00 4.366245416924788181e+00 1.736977802476220578e+00 4.339800000000000324e+01 4.189999999999999858e+01 3.916000000000000369e+01 4.058999999999999631e+01
3.905377988148525770e+00 1.720966342055495479e+00 4.377178958304153156e+00 1.737024340492349772e+00 4.278799999999999670e+01 4.169200000000000017e+01 3.917999999999999972e+01 4.028999999999999915e+01
3.876856001240475358e+00 1.710703677765374353e+00 4.380875119317658495e+00 1.736972692834875875e+00 4.304800000000000182e+01 4.210000000000000142e+01 3.907999999999999829e+01 4.057999999999999829e+01
3.873848271944133614e+00 1.710931535224064381e+00 4.366817157145501227e+00 1.736761569065178534e+00 4.332800000000000296e+01 4.205400000000000205e+01 3.922999999999999687e+01 4.041000000000000369e+01
3.898999816306153221e+00 1.715503710289321804e+00 4.376890993581594280e+00 1.736574007258025354e+00 4.295400000000000063e+01 4.183400000000000318e+01 3.925999999999999801e+01 4.032000000000000028e+01
3.885039026607269186e+00 1.711191879188441956e+00 4.370963178955618034e+00 1.737012625071448824e+00 4.305400000000000205e+01 4.218800000000000239e+01 3.932999999999999829e+01 4.036999999999999744e+01
3.898927855456724600e+00 1.710337202809018686e+00 4.375785211860002022e+00 1.736581375280004558e+00 4.285999999999999943e+01 4.244400000000000261e+01 3.935999999999999943e+01 4.061999999999999744e+01
3.902901656440015188e+00 1.712222119102216888e+00 4.396635533180758060e+00 1.736496122875139214e+00 4.284000000000000341e+01 4.201200000000000045e+01 3.939999999999999858e+01 4.048999999999999488e+01
3.910190219456287863e+00 1.716771674486918808e+00 4.368536524965000112e+00 1.736702219761149024e+00 4.260999999999999943e+01 4.192600000000000193e+01 3.930000000000000426e+01 4.052000000000000313e+01
3.900599575430246269e+00 1.709476272101181360e+00 4.362446314379387680e+00 1.736406288616015203e+00 4.245600000000000307e+01 4.210799999999999699e+01 3.948999999999999488e+01 4.050000000000000000e+01
3.896226243928623045e+00 1.710683197217980789e+00 4.357496589937660758e+00 1.736516934863826078e+00 4.304200000000000159e+01 4.225800000000000267e+01 3.957999999999999829e+01 4.033999999999999631e+01
3.920754744900597277e+00 1.713383174418189325e+00 4.385731877841952731e+00 1.736405127994600228e+00 4.267399999999999949e+01 4.164999999999999858e+01 3.930000000000000426e+01 4.046000000000000085e+01
3.868734078010614752e+00 1.712226615143593200e+00 4.382287484408732503e+00 1.736362500862185909e+00 4.301800000000000068e+01 4.217600000000000193e+01 3.955000000000000426e+01 4.055000000000000426e+01
3.886959472461160470e+00 1.708337917600289746e+00 4.383463454010057880e+00 1.736244804507406370e+00 4.278000000000000114e+01 4.217000000000000171e+01 3.931000000000000227e+01 4.053999999999999915e+01
3.899653048178614245e+00 1.711468037196641534e+00 4.375125764823298624e+00 1.736183522168942783e+00 4.278000000000000114e+01 4.228199999999999648e+01 3.899000000000000199e+01 4.017999999999999972e+01
3.915243048073473897e+00 1.713218592997637568e+00 4.361895634492615415e+00 1.736021954308924142e+00 4.283599999999999852e+01 4.216400000000000148e+01 3.964999999999999858e+01 4.053000000000000114e+01
3.909033397778673979e+00 1.716508167565476306e+00 4.389184947206292264e+00 1.736236667968544811e+00 4.278000000000000114e+01 4.161599999999999966e+01 3.910000000000000142e+01 4.063000000000000256e+01
3.873084070316386462e+00 1.708768916111849556e+00 4.363083783011709293e+00 1.735843132116864362e+00 4.281799999999999784e+01 4.212400000000000233e+01 3.931000000000000227e+01 4.042999999999999972e+01
3.903057585421931375e+00 1.707399181355263584e+00 4.371755227028449653e+00 1.736382780321811703e+00 4.314999999999999858e+01 4.234199999999999875e+01 3.928000000000000114e+01 4.072999999999999687e+01
3.937206941215036782e+00 1.712204484530441828e+00 4.363555189550927693e+00 1.735529528207598426e+00 4.228399999999999892e+01 4.187599999999999767e+01 3.960999999999999943e+01 4.060999999999999943e+01
3.925729006167925306e+00 1.709010694228862315e+00 4.381797407590085847e+00 1.735466997258871436e+00 4.269599999999999795e+01 4.231199999999999761e+01 3.910999999999999943e+01 4.057000000000000028e+01
3.924190767783428235e+00 1.698428228304910137e+00 4.365452194320744717e+00 1.735568353851244527e+00 4.207800000000000296e+01 4.249399999999999977e+01 3.945000000000000284e+01 4.036999999999999744e+01
3.873046086053938186e+00 1.708100137141340458e+00 4.373895757286659247e+00 1.735459307405819773e+00 4.267799999999999727e+01 4.232999999999999829e+01 3.901999999999999602e+01 4.060000000000000142e+01
3.910694411378805579e+00 1.699496611039603033e+00 4.379902123765855748e+00 1.735029045852709784e+00 4.271600000000000108e+01 4.298400000000000176e+01 3.925000000000000000e+01 4.058999999999999631e+01
3.902556040574898244e+00 1.706257978835555411e+00 4.384766156191584940e+00 1.734972238756064655e+00 4.284199999999999875e+01 4.202000000000000313e+01 3.878999999999999915e+01 4.058999999999999631e+01
3.930497738221303994e+00 1.703301423772248580e+00 4.359690138980458762e+00 1.736419411668021606e+00 4.242600000000000193e+01 4.253999999999999915e+01 3.956000000000000227e+01 4.061999999999999744e+01
3.888975566916422988e+00 1.708534777837695584e+00 4.392713184484524191e+00 1.734875069978275341e+00 4.314399999999999835e+01 4.209799999999999898e+01 3.878000000000000114e+01 4.053000000000000114e+01
3.873697507939808826e+00 1.709690607219851666e+00 4.369763863178745211e+00 1.735172910807505131e+00 4.311599999999999966e+01 4.219400000000000261e+01 3.921000000000000085e+01 4.067999999999999972e+01
3.902504764470684062e+00 1.707268405343884687e+00 4.393381982030620136e+00 1.734908784103167401e+00 4.258200000000000074e+01 4.242600000000000193e+01 3.926999999999999602e+01 4.043999999999999773e+01
3.851236061754691242e+00 1.708446202019338944e+00 4.369136145888584899e+00 1.734807323735921170e+00 4.311999999999999744e+01 4.227799999999999869e+01 3.950000000000000000e+01 4.069999999999999574e+01
3.930797149975848725e+00 1.713475517849097018e+00 4.378731280361413347e+00 1.734689106329323494e+00 4.253399999999999892e+01 4.202600000000000335e+01 3.957000000000000028e+01 4.057000000000000028e+01
3.909146591791726966e+00 1.704543112042378183e+00 4.367572386586304312e+00 1.735303175472525883e+00 4.285600000000000165e+01 4.266199999999999903e+01 3.934000000000000341e+01 4.055000000000000426e+01
3.860523854659661858e+00 1.717473015388591318e+00 4.394501276060338135e+00 1.735496070115146727e+00 4.319599999999999795e+01 4.206400000000000006e+01 3.896999999999999886e+01 4.053000000000000114e+01
3.851709519143521554e+00 1.713295163003744292e+00 4.374898482033791502e+00 1.734466255487914221e+00 4.368999999999999773e+01 4.228399999999999892e+01 3.953000000000000114e+01 4.056000000000000227e+01
3.868241274553253284e+00 1.703997471818933018e+00 4.370699929724636945e+00 1.734624840944414270e+00 4.303799999999999670e+01 4.211800000000000210e+01 3.962999999999999545e+01 4.045000000000000284e+01
3.876572418104599738e+00 1.707044325279189589e+00 4.396137149440469294e+00 1.734368183732641677e+00 4.298400000000000176e+01 4.220799999999999841e+01 3.914000000000000057e+01 4.042000000000000171e+01
3.888786859187136624e+00 1.702393782577638737e+00 4.362603552791831873e+00 1.734496973072356951e+00 4.260999999999999943e+01 4.261200000000000188e+01 3.960999999999999943e+01 4.056000000000000227e+01
3.896997320670002818e+00 1.711577880752114256e+00 4.377136414790032681e+00 1.734989214919434142e+00 4.285999999999999943e+01 4.210199999999999676e+01 3.917999999999999972e+01 4.042999999999999972e+01
3.918593675409365762e+00 1.711141005128863135e+00 4.388588318269816213e+00 1.734618645866849551e+00 4.305400000000000205e+01 4.232600000000000051e+01 3.903999999999999915e+01 4.060999999999999943e+01
3.874136213147076013e+00 1.708721812779553817e+00 4.395022938839268534e+00 1.734309041467548385e+00 4.333800000000000097e+01 4.239000000000000057e+01 3.921999999999999886e+01 4.073999999999999488e+01
3.898847385815362276e+00 1.709848933217999134e+00 4.377719121917849954e+00 1.734999259331416077e+00 4.315599999999999881e+01 4.220799999999999841e+01 3.921999999999999886e+01 4.046000000000000085e+01
3.919401338350256392e+00 1.709789442842343909e+00 4.404098825890001123e+00 1.733880756146451541e+00 4.279800000000000182e+01 4.202000000000000313e+01 3.934000000000000341e+01 4.047999999999999687e+01
3.897235601945479910e+00 1.714009710213705073e+00 4.368538771113291475e+00 1.733939014905693687e+00 4.310999999999999943e+01 4.203799999999999670e+01 3.946000000000000085e+01 4.056000000000000227e+01
3.899931196608035666e+00 1.709024304485078360e+00 4.374446235755756973e+00 1.733942769030076825e+00 4.272200000000000131e+01 4.222800000000000153e+01 3.925000000000000000e+01 4.042000000000000171e+01
3.879447299285118334e+00 1.704880978953635218e+00 4.383165274367146758e+00 1.733844639741646931e+00 4.259000000000000341e+01 4.232399999999999807e+01 3.950000000000000000e+01 4.031000000000000227e+01
3.895388232361509218e+00 1.709611287931440016e+00 4.371972169712965872e+00 1.733946126504831708e+00 4.309400000000000119e+01 4.236599999999999966e+01 3.946999999999999886e+01 4.064000000000000057e+01
3.864103756953591429e+00 1.711116093760748136e+00 4.388244862260193280e+00 1.733861640397959203e+00 4.331000000000000227e+01 4.220400000000000063e+01 3.914999999999999858e+01 4.043999999999999773e+01
3.905144706977838887e+00 1.714393510096920314e+00 4.367694785942569879e+00 1.734471550418213326e+00 4.289999999999999858e+01 4.214200000000000301e+01 3.942000000000000171e+01 4.057999999999999829e+01
3.866973151479188076e+00 1.707221860012861470e+00 4.372032826154172547e+00 1.734018248922535310e+00 4.293800000000000239e+01 4.246600000000000108e+01 3.926999999999999602e+01 4.032000000000000028e+01
3.870082441887862323e+00 1.707025304084062167e+00 4.370611727579841954e+00 1.733666795562525786e+00 4.309000000000000341e+01 4.220799999999999841e+01 3.941000000000000369e+01 4.050000000000000000e+01
3.877239078267877836e+00 1.708622906383155060e+00 4.380210019283559575e+00 1.734028727636458100e+00 4.297999999999999687e+01 4.243800000000000239e+01 3.956000000000000227e+01 4.058999999999999631e+01
3.884147038992459944e+00 1.707172818503710277e+00 4.367459058987066101e+00 1.734583350917146438e+00 4.289200000000000301e+01 4.242799999999999727e+01 3.925999999999999801e+01 4.057999999999999829e+01
3.883579235730353574e+00 1.716246821970679903e+00 4.384043722454147307e+00 1.733508452717524406e+00 4.304999999999999716e+01 4.198400000000000176e+01 3.922999999999999687e+01 4.050000000000000000e+01
3.891455522416927160e+00 1.709191472209550033e+00 4.400995942472883726e+00 1.733928684106268214e+00 4.301599999999999824e+01 4.210799999999999699e+01 3.903999999999999915e+01 4.092000000000000171e+01
3.899690478005958916e+00 1.698639809153602576e+00 4.392298560670741203e+00 1.733777210749583464e+00 4.254399999999999693e+01 4.264399999999999835e+01 3.907999999999999829e+01 4.053999999999999915e+01
