1.442200000000000060e+01 1.625000000000000000e+01 2.008031741937760017e+00 1.153589634051895629e+00
1.771799999999996800e+01 1.801999999999999957e+01 1.202758965876146169e+00 1.052049270683740989e+00
1.947000000000000242e+01 2.097999999999999687e+01 1.155776203548187109e+00 9.910744085977790663e-01
2.248599999999998644e+01 2.421999999999999886e+01 1.123606998219894848e+00 9.514863739165048129e-01
2.453400000000001313e+01 2.576999999999999957e+01 1.110570879962287982e+00 9.277203652849528304e-01
2.602799999999999159e+01 2.701999999999999957e+01 1.103203651142676822e+00 9.110942383640141529e-01
2.659599999999999653e+01 2.760000000000000142e+01 1.100258637367257819e+00 9.003540348155911754e-01
2.750200000000002021e+01 2.801999999999999957e+01 1.098272024896704391e+00 8.931105317489649309e-01
2.762800000000000722e+01 2.864999999999999858e+01 1.098125542218125084e+00 8.871038650374919454e-01
2.852799999999999159e+01 2.886000000000000298e+01 1.097486620500261800e+00 8.821970596621541150e-01
2.919599999999997308e+01 2.928999999999999915e+01 1.098430887907723585e+00 8.776535177348893102e-01
2.918400000000000816e+01 2.982000000000000028e+01 1.097744049439123515e+00 8.730410825862150448e-01
2.972599999999999909e+01 3.019999999999999929e+01 1.096843073781575306e+00 8.686236397552733468e-01
3.030199999999996407e+01 3.066999999999999815e+01 1.096652348365372509e+00 8.657896074929726238e-01
3.052599999999997138e+01 3.093000000000000327e+01 1.099042357671684345e+00 8.630036299681576040e-01
3.083199999999994745e+01 3.130999999999999872e+01 1.098862234853344555e+00 8.603125632268252554e-01
3.162999999999995637e+01 3.168000000000000327e+01 1.098527158642107260e+00 8.577363278023565352e-01
3.149999999999992895e+01 3.164000000000000057e+01 1.100115450447415544e+00 8.558606577540814886e-01
3.176199999999995782e+01 3.215999999999999659e+01 1.098431388973351241e+00 8.540645438597949113e-01
3.255199999999996407e+01 3.212999999999999545e+01 1.098595347219173846e+00 8.520544433482202251e-01
3.206599999999994566e+01 3.242999999999999972e+01 1.099965832992643167e+00 8.511945660300376248e-01
3.241399999999998727e+01 3.255000000000000426e+01 1.100478912767140161e+00 8.502680962776568707e-01
3.237399999999994549e+01 3.257999999999999829e+01 1.100215406290580678e+00 8.493751835489566915e-01
3.303599999999998005e+01 3.292999999999999972e+01 1.100083671826996845e+00 8.477270299118361274e-01
3.287399999999988154e+01 3.284000000000000341e+01 1.100506996220691924e+00 8.476922385225161838e-01
3.240399999999997505e+01 3.295000000000000284e+01 1.103609413089962299e+00 8.466555843093880318e-01
3.308999999999998209e+01 3.314000000000000057e+01 1.101878059664557430e+00 8.465680071644042792e-01
3.289999999999993463e+01 3.311999999999999744e+01 1.102288397696044919e+00 8.457119637316141691e-01
3.289599999999997237e+01 3.307999999999999829e+01 1.101369520016356018e+00 8.452992695597254524e-01
3.309799999999991371e+01 3.305000000000000426e+01 1.102152725291613011e+00 8.448583686050060715e-01
3.356599999999997408e+01 3.317999999999999972e+01 1.101508108157871035e+00 8.442225369039031424e-01
3.342999999999991445e+01 3.321000000000000085e+01 1.101422033280705426e+00 8.440914139843720410e-01
3.348199999999990695e+01 3.323999999999999488e+01 1.102586751832378198e+00 8.439098775341908887e-01
3.335399999999993526e+01 3.348999999999999488e+01 1.101889555981969915e+00 8.435921662582183123e-01
3.295999999999992269e+01 3.336999999999999744e+01 1.104598804493013509e+00 8.437997959861956998e-01
3.321999999999994913e+01 3.341000000000000369e+01 1.103305449670378691e+00 8.429572195777432775e-01
3.307799999999991059e+01 3.337999999999999545e+01 1.104045366047026411e+00 8.432281452182888160e-01
3.314599999999997237e+01 3.345000000000000284e+01 1.104419704187772355e+00 8.428037600017838082e-01
3.363799999999998391e+01 3.348999999999999488e+01 1.101511954863772846e+00 8.423884670481346371e-01
3.346999999999995623e+01 3.343999999999999773e+01 1.102235005462379736e+00 8.420089696219112962e-01
3.327999999999992298e+01 3.347999999999999687e+01 1.104575082462276425e+00 8.418059492739173866e-01
3.348999999999993804e+01 3.368999999999999773e+01 1.102541235183977841e+00 8.416067866536450781e-01
3.396799999999993247e+01 3.370000000000000284e+01 1.101424745557951779e+00 8.412917433774195208e-01
3.370999999999988006e+01 3.391000000000000369e+01 1.103352400367104691e+00 8.411984628565843947e-01
3.376599999999994139e+01 3.365000000000000568e+01 1.102841901079848919e+00 8.412030148066327317e-01
3.353799999999995407e+01 3.372999999999999687e+01 1.104569452285244502e+00 8.415046588132342187e-01
3.356800000000000495e+01 3.367999999999999972e+01 1.102867846335997326e+00 8.408703596335828090e-01
3.331599999999993145e+01 3.391000000000000369e+01 1.104329513864551471e+00 8.410563557227141995e-01
3.395799999999992735e+01 3.368999999999999773e+01 1.101829887478287251e+00 8.408713536178169523e-01
3.379799999999995919e+01 3.353000000000000114e+01 1.102780038876102875e+00 8.405163128964050490e-01
3.381199999999996209e+01 3.382999999999999829e+01 1.104124090318758800e+00 8.402412723993165633e-01
3.382399999999991280e+01 3.365000000000000568e+01 1.103226250432574274e+00 8.401653560675107490e-01
3.366599999999999682e+01 3.353999999999999915e+01 1.103763024665094461e+00 8.402070334728274359e-01
3.377799999999992053e+01 3.382000000000000028e+01 1.104418549722970155e+00 8.399909023576092038e-01
3.371399999999995600e+01 3.386999999999999744e+01 1.102770230388036010e+00 8.402003386495648929e-01
3.375999999999989143e+01 3.391000000000000369e+01 1.104117337227936702e+00 8.401232559278581924e-01
3.350599999999992917e+01 3.378999999999999915e+01 1.104811394938689073e+00 8.397338315019365895e-01
3.346999999999992781e+01 3.385999999999999943e+01 1.106863553061092631e+00 8.400386318576767986e-01
3.370399999999992957e+01 3.378000000000000114e+01 1.105231966866302651e+00 8.395646931151994341e-01
3.375199999999989586e+01 3.392000000000000171e+01 1.104814320084622326e+00 8.400944519624912177e-01
3.402799999999992764e+01 3.385999999999999943e+01 1.103041063860906057e+00 8.394953504161265512e-01
3.378999999999990678e+01 3.382999999999999829e+01 1.105093317199036695e+00 8.394772492031501443e-01
3.363599999999986068e+01 3.397999999999999687e+01 1.105236509575385107e+00 8.391994310208771291e-01
3.377199999999994873e+01 3.408999999999999631e+01 1.104118364484040438e+00 8.398042990745492320e-01
3.314399999999989177e+01 3.383999999999999631e+01 1.105448133878591310e+00 8.397731114731999957e-01
3.398599999999991184e+01 3.385999999999999943e+01 1.105128119397906561e+00 8.391077686973082983e-01
3.381799999999994100e+01 3.400000000000000000e+01 1.103438041848686657e+00 8.392601916968065456e-01
3.370599999999992491e+01 3.392000000000000171e+01 1.105944322250463019e+00 8.394774876882186154e-01
3.385199999999991860e+01 3.375000000000000000e+01 1.105873696573023590e+00 8.392044150390938206e-01
3.383999999999994657e+01 3.383999999999999631e+01 1.104578870435287019e+00 8.393679363425169404e-01
3.386199999999990951e+01 3.417000000000000171e+01 1.104181769339958263e+00 8.393130414258046512e-01
3.399399999999993582e+01 3.396000000000000085e+01 1.104043027707290348e+00 8.388087881870971430e-01
3.428999999999993520e+01 3.398999999999999488e+01 1.102937819430918509e+00 8.386252799431666016e-01
3.353599999999992320e+01 3.392000000000000171e+01 1.106841115465080350e+00 8.395436352634952915e-01
3.377799999999992053e+01 3.420000000000000284e+01 1.105012010973985825e+00 8.395515164894153948e-01
3.370999999999999375e+01 3.393999999999999773e+01 1.104746940698641433e+00 8.388956754961607309e-01
3.399799999999988387e+01 3.392000000000000171e+01 1.103983989280347133e+00 8.386913993786936361e-01
3.390599999999990644e+01 3.410000000000000142e+01 1.104755333658144156e+00 8.390546222049730662e-01
3.401599999999993429e+01 3.413000000000000256e+01 1.105851919457061072e+00 8.388594372794017096e-01
3.403599999999993742e+01 3.416000000000000369e+01 1.103555021644641476e+00 8.386401119870467991e-01
3.396199999999991093e+01 3.403000000000000114e+01 1.104380425341227268e+00 8.390252515147794687e-01
3.407599999999990814e+01 3.393999999999999773e+01 1.103437567362146599e+00 8.389085761533339181e-01
3.419999999999988205e+01 3.432000000000000028e+01 1.103725538613559598e+00 8.391504689503722636e-01
3.398999999999994515e+01 3.417000000000000171e+01 1.104620809889721667e+00 8.385614101837156609e-01
3.430799999999992878e+01 3.386999999999999744e+01 1.102616880335061333e+00 8.384364103630201903e-01
3.387999999999993150e+01 3.397999999999999687e+01 1.106247908619949705e+00 8.386744199712377057e-01
3.398599999999993315e+01 3.403000000000000114e+01 1.105413944928974823e+00 8.387197289058864191e-01
3.410599999999994481e+01 3.403999999999999915e+01 1.105126885827248051e+00 8.391915683018327243e-01
3.398599999999993315e+01 3.420000000000000284e+01 1.104315662853444957e+00 8.388058752054603495e-01
3.412399999999991707e+01 3.432999999999999829e+01 1.103757759274192507e+00 8.388596355386159775e-01
3.385599999999989507e+01 3.426000000000000512e+01 1.104712843505040176e+00 8.383000336379554662e-01
3.389799999999994640e+01 3.410000000000000142e+01 1.105442823709016364e+00 8.386165827289160379e-01
3.404399999999988324e+01 3.441000000000000369e+01 1.103479496812207028e+00 8.382588092085601073e-01
3.448799999999995691e+01 3.407000000000000028e+01 1.102897003231720019e+00 8.382038364659021301e-01
3.383199999999993679e+01 3.420000000000000284e+01 1.105767271614692016e+00 8.383903971052745208e-01
3.412599999999993372e+01 3.435999999999999943e+01 1.105420000423067650e+00 8.383889500712937703e-01
3.411599999999987176e+01 3.418999999999999773e+01 1.105904084935730225e+00 8.379254375335917215e-01
3.399799999999992650e+01 3.398999999999999488e+01 1.105282495543672194e+00 8.381720821092005780e-01
3.412799999999994327e+01 3.391000000000000369e+01 1.104430726609499702e+00 8.385634039238033521e-01
3.384999999999998721e+01 3.400000000000000000e+01 1.105318382226828211e+00 8.385634472886378532e-01
3.396399999999990627e+01 3.406000000000000227e+01 1.104680850808013703e+00 8.385235720251541514e-01
3.422599999999994935e+01 3.430000000000000426e+01 1.105085134268421809e+00 8.380031839979499297e-01
3.431199999999993366e+01 3.428000000000000114e+01 1.104290084245900472e+00 8.382841103446185826e-01
3.392999999999993577e+01 3.410999999999999943e+01 1.106315146512764302e+00 8.382042502502284886e-01
3.399999999999996447e+01 3.418999999999999773e+01 1.105120237868341793e+00 8.380764536773566142e-01
3.415199999999983760e+01 3.439000000000000057e+01 1.105913482971492723e+00 8.383017249377823221e-01
3.391399999999998016e+01 3.430000000000000426e+01 1.105815730955377774e+00 8.383814590784539611e-01
3.417399999999985738e+01 3.407999999999999829e+01 1.103994687001186303e+00 8.375333800339692658e-01
3.393399999999995487e+01 3.406000000000000227e+01 1.105401456755727985e+00 8.382524090826125596e-01
3.399399999999993582e+01 3.426000000000000512e+01 1.104904153416796264e+00 8.380779612733767481e-01
3.406399999999993611e+01 3.435999999999999943e+01 1.105369755945526222e+00 8.382082924448450711e-01
3.408999999999991815e+01 3.406000000000000227e+01 1.105931899770960847e+00 8.383352793969541805e-01
3.402799999999989922e+01 3.415000000000000568e+01 1.105096467123378501e+00 8.381472078302631967e-01
3.442599999999990956e+01 3.428999999999999915e+01 1.102774825396236835e+00 8.377452404063433500e-01
3.407799999999994611e+01 3.410999999999999943e+01 1.105026852235561741e+00 8.375940890872203282e-01
3.385399999999995657e+01 3.422999999999999687e+01 1.106370927906287660e+00 8.381030908645982214e-01
3.400999999999993406e+01 3.418999999999999773e+01 1.105764688164317278e+00 8.380211739116973924e-01
3.415999999999993975e+01 3.398999999999999488e+01 1.105384607419588550e+00 8.382256528036732268e-01
3.374199999999992627e+01 3.431000000000000227e+01 1.106090800902525428e+00 8.386976415160984910e-01
3.400399999999995515e+01 3.427000000000000313e+01 1.104174984059578923e+00 8.384015344619346610e-01
3.398799999999995691e+01 3.421999999999999886e+01 1.105452554354184436e+00 8.383788258664697235e-01
3.399199999999989785e+01 3.431000000000000227e+01 1.104854324505312624e+00 8.384544193725480543e-01
3.410999999999988574e+01 3.422999999999999687e+01 1.103864107431472785e+00 8.384000063273533421e-01
3.397599999999997067e+01 3.407999999999999829e+01 1.105237915681364314e+00 8.382139558152681413e-01
3.422999999999996135e+01 3.397999999999999687e+01 1.104894920409740022e+00 8.382966773342608313e-01
3.405799999999991456e+01 3.428000000000000114e+01 1.105654114992593140e+00 8.381505269117022205e-01
3.462999999999988177e+01 3.428000000000000114e+01 1.102762452140279681e+00 8.374027268943980973e-01
3.425999999999992696e+01 3.407000000000000028e+01 1.105012420298678411e+00 8.378973199715475939e-01
3.427999999999993008e+01 3.411999999999999744e+01 1.105245870406839970e+00 8.379083480334680312e-01
3.400999999999987011e+01 3.425000000000000000e+01 1.104140366696634512e+00 8.379982264986718388e-01
3.408799999999995833e+01 3.427000000000000313e+01 1.104946924109731388e+00 8.381450858244741120e-01
3.437399999999996680e+01 3.417999999999999972e+01 1.103868746869331563e+00 8.379869532088359829e-01
3.374199999999996180e+01 3.433999999999999631e+01 1.105656067692974975e+00 8.380389486882843242e-01
3.424599999999987432e+01 3.407000000000000028e+01 1.104228898434922002e+00 8.381982396140532643e-01
3.461399999999995458e+01 3.439999999999999858e+01 1.103003038874942110e+00 8.374845854944907853e-01
3.398599999999993315e+01 3.432000000000000028e+01 1.106188669935460167e+00 8.376950809858644265e-01
3.394799999999990092e+01 3.426000000000000512e+01 1.105583299813857501e+00 8.379583713333952355e-01
3.422399999999991138e+01 3.433999999999999631e+01 1.104399009576255475e+00 8.378350639908916930e-01
3.469799999999997198e+01 3.403999999999999915e+01 1.103344398447642538e+00 8.375715948627490137e-01
3.420599999999993202e+01 3.441000000000000369e+01 1.103388787583842845e+00 8.375891305192919578e-01
3.427599999999990388e+01 3.400000000000000000e+01 1.103155136321435803e+00 8.377554725404894320e-01
3.436599999999995703e+01 3.407999999999999829e+01 1.104847473414773296e+00 8.378661908292996952e-01
3.399799999999991940e+01 3.415000000000000568e+01 1.104828858245415990e+00 8.375822241501132970e-01
3.397999999999997556e+01 3.400000000000000000e+01 1.105746279530033682e+00 8.377522634665072188e-01
3.383799999999994412e+01 3.433999999999999631e+01 1.105329331526258674e+00 8.379055162621350528e-01
3.377799999999995606e+01 3.407000000000000028e+01 1.105464735409840582e+00 8.383878091034110414e-01
3.420999999999997954e+01 3.385000000000000142e+01 1.104770185471655619e+00 8.380138824078440241e-01
3.400199999999991007e+01 3.431000000000000227e+01 1.105613367437869421e+00 8.379072327259440289e-01
3.393199999999988137e+01 3.402000000000000313e+01 1.104398589409368858e+00 8.376620081339444246e-01
3.434999999999993037e+01 3.438000000000000256e+01 1.103677847169738158e+00 8.376660677869620653e-01
3.426599999999991297e+01 3.410000000000000142e+01 1.103862874686289741e+00 8.378531397600954556e-01
3.394399999999988893e+01 3.413000000000000256e+01 1.104665779112620871e+00 8.377349362885994077e-01
3.399399999999989319e+01 3.413000000000000256e+01 1.105421383230255961e+00 8.377260823303313009e-01
3.437799999999988643e+01 3.420000000000000284e+01 1.103703522998670694e+00 8.377533142334375738e-01
3.403799999999991854e+01 3.413000000000000256e+01 1.105496244602051537e+00 8.381029328885563068e-01
3.383399999999988950e+01 3.410999999999999943e+01 1.106042879773212251e+00 8.382047734138170503e-01
3.422599999999991383e+01 3.428000000000000114e+01 1.105329157710862820e+00 8.382918656735651730e-01
3.411799999999996658e+01 3.432000000000000028e+01 1.104794926018994428e+00 8.382321040359526076e-01
3.400199999999988165e+01 3.403999999999999915e+01 1.104793972675465641e+00 8.376111182829972801e-01
3.413799999999990575e+01 3.418999999999999773e+01 1.105260284852639607e+00 8.377342798465833296e-01
3.377399999999990143e+01 3.423999999999999488e+01 1.105996116604248014e+00 8.383020361216516614e-01
3.416199999999990666e+01 3.413000000000000256e+01 1.103457130560304034e+00 8.378896709551710842e-01
3.363599999999993173e+01 3.426000000000000512e+01 1.106574010395809937e+00 8.382335222440613354e-01
3.407799999999996743e+01 3.410999999999999943e+01 1.104249806938347067e+00 8.386220225092895220e-01
3.403199999999997516e+01 3.426000000000000512e+01 1.105063386361525790e+00 8.382223785473408295e-01
3.382799999999996743e+01 3.423999999999999488e+01 1.105061230107293957e+00 8.383898677356362850e-01
3.392599999999995930e+01 3.421999999999999886e+01 1.104518003682366967e+00 8.380878485607367034e-01
3.416799999999989268e+01 3.411999999999999744e+01 1.105497293025420991e+00 8.376083413240372755e-01
3.393399999999997618e+01 3.417000000000000171e+01 1.105821787801825495e+00 8.379978369461529297e-01
3.434799999999984266e+01 3.425000000000000000e+01 1.103721776347971417e+00 8.374804070376183907e-01
3.412399999999988864e+01 3.405000000000000426e+01 1.104776598066506743e+00 8.375469160005984959e-01
3.359199999999992770e+01 3.410999999999999943e+01 1.105700931575556822e+00 8.381588849420937848e-01
3.437199999999987909e+01 3.428999999999999915e+01 1.104729931260853837e+00 8.379540856154493733e-01
3.427599999999995362e+01 3.436999999999999744e+01 1.103961453984838803e+00 8.373955240888489859e-01
3.413399999999991508e+01 3.402000000000000313e+01 1.105287552753858371e+00 8.377123134255629600e-01
3.407399999999989149e+01 3.442999999999999972e+01 1.104881105212319747e+00 8.377482117424748242e-01
3.409199999999991348e+01 3.447999999999999687e+01 1.106175665429633970e+00 8.377620333222072224e-01
3.457199999999998141e+01 3.446000000000000085e+01 1.105021606055764272e+00 8.372970922727601684e-01
3.407399999999991280e+01 3.413000000000000256e+01 1.105663594096203850e+00 8.377847846079020666e-01
3.421999999999998465e+01 3.442999999999999972e+01 1.104766530331029006e+00 8.371860862685467364e-01
3.451199999999997203e+01 3.415000000000000568e+01 1.105791757248416385e+00 8.375264705667188059e-01
3.392399999999991422e+01 3.417999999999999972e+01 1.105862991010209129e+00 8.375914515606669442e-01
3.444399999999993156e+01 3.414000000000000057e+01 1.105533349226103246e+00 8.375186155592800885e-01
3.420799999999992025e+01 3.390000000000000568e+01 1.104280603906166114e+00 8.376485843012387855e-01
3.392199999999989757e+01 3.414000000000000057e+01 1.104182709397517170e+00 8.381955522619262133e-01
3.411799999999993105e+01 3.393999999999999773e+01 1.104194040896171458e+00 8.375955130489309841e-01
3.405199999999995697e+01 3.398999999999999488e+01 1.104931787276154154e+00 8.373271856031022642e-01
3.423399999999995913e+01 3.413000000000000256e+01 1.105106014364618527e+00 8.377604585981256458e-01
3.407999999999992013e+01 3.425000000000000000e+01 1.104629738142749895e+00 8.373872137998696896e-01
3.396399999999995600e+01 3.439999999999999858e+01 1.105712788850707229e+00 8.378812726700900493e-01
3.429799999999991655e+01 3.421000000000000085e+01 1.104746278062030074e+00 8.377073086582312866e-01
3.412399999999991707e+01 3.410999999999999943e+01 1.104958541982377751e+00 8.378438681771210872e-01
3.400799999999994583e+01 3.407000000000000028e+01 1.104168223545268335e+00 8.379615436941530993e-01
3.396199999999993224e+01 3.421000000000000085e+01 1.104221436540606005e+00 8.373848569551830545e-01
3.393399999999986960e+01 3.416000000000000369e+01 1.104798172451365579e+00 8.375071822507587083e-01
3.386799999999995947e+01 3.431000000000000227e+01 1.105906233646641867e+00 8.381920309445427542e-01
3.440999999999993264e+01 3.418999999999999773e+01 1.104114853236291216e+00 8.376129074184069934e-01
3.414999999999999147e+01 3.390000000000000568e+01 1.104238278167493092e+00 8.377291603064508374e-01
3.423999999999994515e+01 3.415000000000000568e+01 1.104523330851743923e+00 8.375275757143118005e-01
3.424599999999995248e+01 3.427000000000000313e+01 1.104966715729391202e+00 8.373251311865320679e-01
3.438599999999989620e+01 3.421000000000000085e+01 1.103817807251851413e+00 8.377270694584685318e-01
3.422799999999987364e+01 3.381000000000000227e+01 1.103912652271438644e+00 8.375412716339526442e-01
3.414199999999996749e+01 3.420000000000000284e+01 1.104268775899331700e+00 8.374922024323107062e-01
3.442399999999996396e+01 3.422999999999999687e+01 1.104227232359237698e+00 8.378152675575148978e-01
3.431999999999989370e+01 3.435999999999999943e+01 1.103212055526961333e+00 8.373102821676243757e-01
3.424399999999996425e+01 3.392999999999999972e+01 1.104222435260867163e+00 8.374644387321849015e-01
3.397399999999996112e+01 3.441000000000000369e+01 1.105246026989112895e+00 8.372581207087574917e-01
3.432199999999991746e+01 3.410000000000000142e+01 1.105565060568735491e+00 8.375482749106418767e-01
3.469399999999985340e+01 3.431000000000000227e+01 1.103648181470248124e+00 8.374387737979835933e-01
3.377799999999989922e+01 3.396000000000000085e+01 1.107032789433788578e+00 8.383579093598316767e-01
3.410799999999991172e+01 3.433999999999999631e+01 1.104390900055144620e+00 8.373053903824791977e-01
3.417799999999986227e+01 3.406000000000000227e+01 1.103656061579213254e+00 8.377660822229548998e-01
3.409799999999989950e+01 3.410999999999999943e+01 1.104540589685799601e+00 8.377393497459583172e-01
3.430199999999992144e+01 3.426000000000000512e+01 1.104389878030194616e+00 8.377080470169158133e-01
3.405399999999992389e+01 3.405000000000000426e+01 1.105019351453530918e+00 8.380481464721715179e-01
3.405199999999998539e+01 3.425000000000000000e+01 1.104842274453037287e+00 8.378181768414444397e-01
3.407199999999991036e+01 3.421000000000000085e+01 1.104427345115115644e+00 8.377366623370111620e-01
3.403199999999993253e+01 3.398999999999999488e+01 1.106419786954985218e+00 8.379093451263884829e-01
3.426799999999990121e+01 3.446999999999999886e+01 1.103789264854004193e+00 8.374604498715151335e-01
3.403599999999993031e+01 3.411999999999999744e+01 1.105872099980104606e+00 8.377547039746349178e-01
3.386799999999996658e+01 3.413000000000000256e+01 1.105602516930995316e+00 8.380159343664538296e-01
3.443399999999997618e+01 3.422999999999999687e+01 1.103997471414906340e+00 8.377333927390613333e-01
3.418799999999993844e+01 3.421000000000000085e+01 1.105454860518669813e+00 8.377589281609402194e-01
3.421399999999997732e+01 3.402000000000000313e+01 1.105241161502221958e+00 8.372973813296031853e-01
3.412199999999992883e+01 3.430000000000000426e+01 1.105684691357380345e+00 8.378671359036743427e-01
3.416399999999993042e+01 3.417000000000000171e+01 1.103997644133773326e+00 8.374543024793161816e-01
3.433799999999988017e+01 3.454999999999999716e+01 1.104367141631798832e+00 8.375291311522383708e-01
3.462999999999996703e+01 3.417000000000000171e+01 1.102805452577452439e+00 8.372703283473387215e-01
3.389199999999992485e+01 3.431000000000000227e+01 1.104609046395190308e+00 8.378202738835623942e-01
3.388199999999994105e+01 3.420000000000000284e+01 1.104494709957336562e+00 8.377506007601230875e-01
3.419399999999993156e+01 3.416000000000000369e+01 1.104221241135200593e+00 8.374350104218998281e-01
3.403799999999996828e+01 3.420000000000000284e+01 1.105329005503081774e+00 8.378278745939485850e-01
3.406399999999992190e+01 3.442000000000000171e+01 1.105032402317329465e+00 8.377735541921284002e-01
3.392599999999993798e+01 3.415000000000000568e+01 1.106118071131648728e+00 8.382424794399155887e-01
3.406999999999992923e+01 3.436999999999999744e+01 1.105323932513911478e+00 8.377779916869767529e-01
3.393799999999993133e+01 3.435999999999999943e+01 1.104603842939990921e+00 8.378781299504104441e-01
3.434599999999993258e+01 3.405000000000000426e+01 1.105619969497820154e+00 8.377727182089285130e-01
3.418999999999989114e+01 3.452000000000000313e+01 1.105153243790762296e+00 8.375624980398941322e-01
3.408199999999995811e+01 3.447999999999999687e+01 1.106865327690135903e+00 8.375576861169361509e-01
3.394399999999993156e+01 3.442000000000000171e+01 1.105233125231493752e+00 8.378103489051916819e-01
3.423599999999999000e+01 3.408999999999999631e+01 1.104792785949778589e+00 8.376674671173448550e-01
3.430599999999994054e+01 3.435000000000000142e+01 1.104260751152737585e+00 8.375650397684654136e-01
3.421199999999991803e+01 3.416000000000000369e+01 1.105566399726383153e+00 8.373962009767556003e-01
3.416599999999995418e+01 3.421000000000000085e+01 1.105459470486419793e+00 8.371922492615067046e-01
3.398199999999989274e+01 3.442000000000000171e+01 1.105953463238228407e+00 8.374618455653024540e-01
3.422999999999996135e+01 3.413000000000000256e+01 1.103972963738375279e+00 8.379128716737501703e-01
3.417799999999991911e+01 3.425000000000000000e+01 1.105272200802104532e+00 8.378739792785397933e-01
3.427399999999993696e+01 3.450000000000000000e+01 1.105922816499623096e+00 8.378243587825275895e-01
3.440999999999991843e+01 3.423999999999999488e+01 1.104083666321639567e+00 8.376394734825937105e-01
3.417599999999993798e+01 3.397999999999999687e+01 1.105861141813622384e+00 8.376404407814281861e-01
3.399999999999996447e+01 3.418999999999999773e+01 1.105871323676536733e+00 8.380469677081311408e-01
3.380799999999990746e+01 3.408999999999999631e+01 1.106093637915528394e+00 8.386459933409411427e-01
3.426199999999993651e+01 3.413000000000000256e+01 1.103772332770414755e+00 8.380431930595637624e-01
3.391799999999992821e+01 3.439999999999999858e+01 1.105741140540268619e+00 8.383002924799831668e-01
3.430199999999992144e+01 3.421999999999999886e+01 1.105220534700064317e+00 8.379953115979780209e-01
3.459199999999990638e+01 3.417000000000000171e+01 1.102160587815483428e+00 8.376637619697449022e-01
3.423999999999995225e+01 3.442000000000000171e+01 1.103644263000688408e+00 8.374561896401235828e-01
3.420399999999990115e+01 3.417999999999999972e+01 1.104193202001256591e+00 8.379365826195996902e-01
3.376199999999993651e+01 3.418999999999999773e+01 1.106091421356516724e+00 8.379968025905736306e-01
3.429799999999991655e+01 3.418999999999999773e+01 1.103306817228235204e+00 8.376139256846892867e-01
3.409399999999993014e+01 3.398999999999999488e+01 1.105135816452460951e+00 8.375164502962434421e-01
3.377599999999991098e+01 3.420000000000000284e+01 1.106122014731897751e+00 8.376469577435551317e-01
3.405799999999992878e+01 3.411999999999999744e+01 1.104603205209793160e+00 8.375674360516112138e-01
3.376199999999991519e+01 3.421000000000000085e+01 1.105122106007859761e+00 8.380794293670263961e-01
3.370799999999995578e+01 3.418999999999999773e+01 1.106521535772514886e+00 8.380448766673415095e-01
3.377599999999995362e+01 3.416000000000000369e+01 1.106096657589510368e+00 8.380947801616868142e-01
3.421799999999989694e+01 3.406000000000000227e+01 1.102980163998156460e+00 8.378684752956560011e-01
3.414799999999989666e+01 3.427000000000000313e+01 1.104111341253125378e+00 8.379423755019083098e-01
3.421999999999992781e+01 3.439000000000000057e+01 1.103852934331743363e+00 8.372386716554938157e-01
3.373999999999991672e+01 3.432000000000000028e+01 1.105953169025999161e+00 8.380934126240050519e-01
3.408599999999993457e+01 3.442999999999999972e+01 1.105124759455412553e+00 8.381805944947900988e-01
3.412799999999995748e+01 3.414000000000000057e+01 1.103757407870794349e+00 8.378093277063144440e-01
3.434599999999993969e+01 3.418999999999999773e+01 1.104514350158547487e+00 8.375699181278000172e-01
3.427599999999996783e+01 3.435999999999999943e+01 1.103787711607403077e+00 8.373363322127607145e-01
3.394199999999990780e+01 3.418999999999999773e+01 1.105334412555996293e+00 8.378752744530276741e-01
3.399799999999989808e+01 3.423999999999999488e+01 1.105137301875010580e+00 8.374467138466580307e-01
3.407799999999993901e+01 3.420000000000000284e+01 1.104347847333766675e+00 8.379650687602648862e-01
3.422599999999993514e+01 3.403000000000000114e+01 1.103561217647386128e+00 8.378574494069979117e-01
3.416599999999992576e+01 3.428000000000000114e+01 1.102996274646955710e+00 8.375735214390708228e-01
3.411599999999993571e+01 3.442999999999999972e+01 1.104054864006522196e+00 8.372349767503517448e-01
3.417199999999989757e+01 3.425000000000000000e+01 1.106122302540484936e+00 8.375226923505620924e-01
3.415599999999996328e+01 3.435999999999999943e+01 1.104766596405064139e+00 8.374651389950533709e-01
3.396599999999995134e+01 3.442999999999999972e+01 1.106656412666792599e+00 8.375199986259441731e-01
3.404999999999998295e+01 3.426000000000000512e+01 1.105578236044001184e+00 8.377959443448762533e-01
3.419399999999990314e+01 3.432000000000000028e+01 1.103142748760831626e+00 8.379003356035050754e-01
3.367799999999994043e+01 3.413000000000000256e+01 1.106612421730863272e+00 8.383762654657908042e-01
3.436999999999990507e+01 3.432000000000000028e+01 1.104869294922336431e+00 8.374799871440337107e-01
3.402599999999994651e+01 3.428000000000000114e+01 1.105647516031756705e+00 8.374640031712873300e-01
3.411799999999992394e+01 3.414000000000000057e+01 1.104095469205261804e+00 8.381187701152764680e-01
3.414799999999993219e+01 3.428000000000000114e+01 1.104970963174234377e+00 8.380532100518428562e-01
3.405999999999990280e+01 3.398999999999999488e+01 1.105045138272809035e+00 8.377272329602590828e-01
3.361599999999998545e+01 3.390000000000000568e+01 1.105656160908013774e+00 8.383052238838810677e-01
3.396599999999994424e+01 3.420000000000000284e+01 1.106065887664896552e+00 8.377582253923936406e-01
3.368799999999988870e+01 3.411999999999999744e+01 1.106215005266483642e+00 8.377731267203424315e-01
3.400599999999996470e+01 3.420000000000000284e+01 1.104567176059242817e+00 8.382849988944554021e-01
3.444399999999988893e+01 3.407000000000000028e+01 1.103542733883781102e+00 8.375421569277495815e-01
3.434599999999991837e+01 3.430000000000000426e+01 1.104054643501089839e+00 8.374756562500645929e-01
3.430599999999993344e+01 3.407000000000000028e+01 1.103539593845807021e+00 8.375892565651636978e-01
3.440999999999993264e+01 3.433999999999999631e+01 1.103320666563927244e+00 8.374626642070701621e-01
3.397799999999995180e+01 3.414000000000000057e+01 1.105440819603596303e+00 8.377565357411680402e-01
