1.096399999999999686e+01 1.378000000000000114e+01 2.303547865801553129e+00 2.302449465022168518e+00
1.421199999999999974e+01 1.833999999999999986e+01 2.303275409168592081e+00 2.301964408826007169e+00
1.958599999999999852e+01 1.860000000000000142e+01 2.302129911693547193e+00 2.299699821785772702e+00
1.670399999999998641e+01 1.642000000000000171e+01 2.297183648508092091e+00 2.290081894397743678e+00
1.622800000000001575e+01 1.626999999999999957e+01 2.278243815115228443e+00 2.259712633660337033e+00
1.636600000000001387e+01 1.675000000000000000e+01 2.241980543796281200e+00 2.218975755054403365e+00
1.746600000000000108e+01 1.885999999999999943e+01 2.205281555045079944e+00 2.179359710366749692e+00
2.020800000000001262e+01 2.114000000000000057e+01 2.164620970854886028e+00 2.138357893007578170e+00
2.196000000000000085e+01 2.358000000000000185e+01 2.125658563291316749e+00 2.101299379377262966e+00
2.346799999999998576e+01 2.457999999999999829e+01 2.091762387916847210e+00 2.068415263047283403e+00
2.361200000000001964e+01 2.503000000000000114e+01 2.067402175540907550e+00 2.040894984733995887e+00
2.451799999999998647e+01 2.565000000000000213e+01 2.039247258252071315e+00 2.016610825333578827e+00
2.559000000000001762e+01 2.626000000000000156e+01 2.015417801066806458e+00 1.994171069605018332e+00
2.676200000000000756e+01 2.710999999999999943e+01 1.989862180716034601e+00 1.973926793941600089e+00
2.764200000000000657e+01 2.813999999999999702e+01 1.974078347080867379e+00 1.955374488313840642e+00
2.895200000000001594e+01 2.936000000000000298e+01 1.952392739260701893e+00 1.938015994585920332e+00
2.985200000000000387e+01 3.037000000000000099e+01 1.939282530569289786e+00 1.921052038028615350e+00
3.049000000000003396e+01 3.121999999999999886e+01 1.923876442964178590e+00 1.905057736197215856e+00
3.160800000000001475e+01 3.194999999999999929e+01 1.904778904482486324e+00 1.888885833537343517e+00
3.214200000000001722e+01 3.264999999999999858e+01 1.891292857961341278e+00 1.874095200623156821e+00
3.307200000000003115e+01 3.342999999999999972e+01 1.877598988893760090e+00 1.860135808596124374e+00
3.317200000000000415e+01 3.396000000000000085e+01 1.868140571095265656e+00 1.847220821167612215e+00
3.417600000000002325e+01 3.458999999999999631e+01 1.853323603225153438e+00 1.835549705728481751e+00
3.439800000000003166e+01 3.496999999999999886e+01 1.850834898021834096e+00 1.825150666064201399e+00
3.515800000000000125e+01 3.556000000000000227e+01 1.836633564376281003e+00 1.814862943319170085e+00
3.537199999999998568e+01 3.590999999999999659e+01 1.818099827455485151e+00 1.805085492405940073e+00
3.591800000000006321e+01 3.639999999999999858e+01 1.815868699933884001e+00 1.795818259886027279e+00
3.645400000000002194e+01 3.670000000000000284e+01 1.803897383595248760e+00 1.786574636190663368e+00
3.620400000000001484e+01 3.711999999999999744e+01 1.799804066385015000e+00 1.778241891771763505e+00
3.692600000000000904e+01 3.739000000000000057e+01 1.787969453575837697e+00 1.770384632428504190e+00
3.759200000000000585e+01 3.776999999999999602e+01 1.782261774866690240e+00 1.763060330538281484e+00
3.769599999999999795e+01 3.811999999999999744e+01 1.773390250977162408e+00 1.755491163696400791e+00
3.756600000000000250e+01 3.814999999999999858e+01 1.768173445068152994e+00 1.748400468156087628e+00
3.795799999999999130e+01 3.832999999999999829e+01 1.761193194024378350e+00 1.741922045317387813e+00
3.798199999999997090e+01 3.825999999999999801e+01 1.760039127663495240e+00 1.735990525682251651e+00
3.837800000000000011e+01 3.857999999999999829e+01 1.754156401306707025e+00 1.730025945863535197e+00
3.804399999999996851e+01 3.882999999999999829e+01 1.755902054968989656e+00 1.723678115256222831e+00
3.885399999999994947e+01 3.909000000000000341e+01 1.741533770144754634e+00 1.717826875294610645e+00
3.879799999999997340e+01 3.897999999999999687e+01 1.736264563974874164e+00 1.712676055655769858e+00
3.915199999999995129e+01 3.926999999999999602e+01 1.730655477813062282e+00 1.706524506434051736e+00
3.945600000000000307e+01 3.926999999999999602e+01 1.731133264272961547e+00 1.702201754056703820e+00
3.984199999999994191e+01 3.966000000000000369e+01 1.718752530463435679e+00 1.696651440390720023e+00
3.993399999999998329e+01 3.967000000000000171e+01 1.720495194759974478e+00 1.692119574722015463e+00
4.041599999999993287e+01 3.971000000000000085e+01 1.711249311655747229e+00 1.686795488519320818e+00
4.047399999999998954e+01 4.005000000000000426e+01 1.705464609750806826e+00 1.682742314009269435e+00
4.064999999999997016e+01 4.022999999999999687e+01 1.704444005599204504e+00 1.677885038732577216e+00
4.061999999999995481e+01 4.028000000000000114e+01 1.700656980241742167e+00 1.673537817975912834e+00
4.106399999999993611e+01 4.069999999999999574e+01 1.695036210008054933e+00 1.668627817429718219e+00
4.095799999999999130e+01 4.089999999999999858e+01 1.688967244122453026e+00 1.664140830943985572e+00
4.107799999999996743e+01 4.107000000000000028e+01 1.692606490649888773e+00 1.660450040314231268e+00
4.155599999999996896e+01 4.104999999999999716e+01 1.680108190919449074e+00 1.656593484328140464e+00
4.163799999999992707e+01 4.125000000000000000e+01 1.680235307715619353e+00 1.653180174308131356e+00
4.191799999999999216e+01 4.160000000000000142e+01 1.672869886945265838e+00 1.649291173967792901e+00
4.207199999999991746e+01 4.192999999999999972e+01 1.671562755734302241e+00 1.645270131845074868e+00
4.242599999999990956e+01 4.185000000000000142e+01 1.668032565979145732e+00 1.641398339189145572e+00
4.250399999999993383e+01 4.221000000000000085e+01 1.664734267709591098e+00 1.638895334475374055e+00
4.293999999999997641e+01 4.219999999999999574e+01 1.656512928571950205e+00 1.634982672678000348e+00
4.260799999999994014e+01 4.257000000000000028e+01 1.660881307709655141e+00 1.631590109727511395e+00
4.314999999999999147e+01 4.279999999999999716e+01 1.653793611704947653e+00 1.628530576470260449e+00
4.316999999999993065e+01 4.275000000000000000e+01 1.652165327804016925e+00 1.625113254250019956e+00
4.328999999999994941e+01 4.307000000000000028e+01 1.650922782523397636e+00 1.622067216027182956e+00
4.349399999999993582e+01 4.314999999999999858e+01 1.645620982359419449e+00 1.619020232707616858e+00
4.358999999999989683e+01 4.335999999999999943e+01 1.638340842828875488e+00 1.616200783694725862e+00
4.368599999999993599e+01 4.348000000000000398e+01 1.638226456012718879e+00 1.613158369597195607e+00
4.362199999999991462e+01 4.367999999999999972e+01 1.638847742342744551e+00 1.610200876630394573e+00
4.390999999999991132e+01 4.400999999999999801e+01 1.632821424854947301e+00 1.607508687250749135e+00
4.432999999999994856e+01 4.392999999999999972e+01 1.625100031923871313e+00 1.605226400192712122e+00
4.420199999999996265e+01 4.390999999999999659e+01 1.628586877724786941e+00 1.602493400419208847e+00
4.415999999999999659e+01 4.420000000000000284e+01 1.631237662635759866e+00 1.599477068610169139e+00
4.440799999999995151e+01 4.408000000000000540e+01 1.623660773031991411e+00 1.596643239688205096e+00
4.448399999999995913e+01 4.435999999999999943e+01 1.613516149109701203e+00 1.594331204321892681e+00
4.428399999999994918e+01 4.450999999999999801e+01 1.627262497822291376e+00 1.592200803245016338e+00
4.487199999999996436e+01 4.449000000000000199e+01 1.611338299032772037e+00 1.589751135887969680e+00
4.498799999999992139e+01 4.475000000000000000e+01 1.611694218167498471e+00 1.587045044748645717e+00
4.503199999999993963e+01 4.461999999999999744e+01 1.609462469094173898e+00 1.585264805479177364e+00
4.481799999999994810e+01 4.492999999999999972e+01 1.606424866207351254e+00 1.582793548115844162e+00
4.541799999999996373e+01 4.485000000000000142e+01 1.595667960185844780e+00 1.580745833805040190e+00
4.526599999999994850e+01 4.478999999999999915e+01 1.603871322291620549e+00 1.579541055238534053e+00
4.540000000000001279e+01 4.503999999999999915e+01 1.600762686803482771e+00 1.577300192977023841e+00
4.595599999999989649e+01 4.500999999999999801e+01 1.593191020655336354e+00 1.574735728129808221e+00
4.595599999999991780e+01 4.514000000000000057e+01 1.592722935013989094e+00 1.573252759740846995e+00
4.541399999999993753e+01 4.531000000000000227e+01 1.597806201193398890e+00 1.571486335925732503e+00
4.607999999999991303e+01 4.525000000000000000e+01 1.589221001056522864e+00 1.569219548849117185e+00
4.588799999999998391e+01 4.534000000000000341e+01 1.588473969869405256e+00 1.568067761664890813e+00
4.612599999999997635e+01 4.537999999999999545e+01 1.586875773514655252e+00 1.566476295825590226e+00
4.621599999999996555e+01 4.539999999999999858e+01 1.583536929271519567e+00 1.564320541635445538e+00
4.596199999999991093e+01 4.555000000000000426e+01 1.584793642931254354e+00 1.561956617516695678e+00
4.648599999999994026e+01 4.568999999999999773e+01 1.577222798984531993e+00 1.561023955604408986e+00
4.655600000000001160e+01 4.567999999999999972e+01 1.582839282339345344e+00 1.559291884182624432e+00
4.643799999999996686e+01 4.568999999999999773e+01 1.580521843234714119e+00 1.557558854910867208e+00
4.646399999999992758e+01 4.567999999999999972e+01 1.581278862565802523e+00 1.555926598366383029e+00
4.698599999999995447e+01 4.562999999999999545e+01 1.568982956965285336e+00 1.555094377889650215e+00
4.683199999999995100e+01 4.602000000000000313e+01 1.569215747565109176e+00 1.552901546366239005e+00
4.667999999999994287e+01 4.587999999999999545e+01 1.573442568027660249e+00 1.551640238794455895e+00
4.673399999999986676e+01 4.587999999999999545e+01 1.570678142077276851e+00 1.550744521231144590e+00
4.707799999999999585e+01 4.591000000000000369e+01 1.572030725404077955e+00 1.548958851887300314e+00
4.703599999999998715e+01 4.603000000000000114e+01 1.566390085832420898e+00 1.546921446698158231e+00
4.675799999999991030e+01 4.625000000000000000e+01 1.567150828017783271e+00 1.546362181403012404e+00
4.726999999999991786e+01 4.600999999999999801e+01 1.559458104840600878e+00 1.543564706598906655e+00
4.723599999999999710e+01 4.627000000000000313e+01 1.563388939884529094e+00 1.542464621107368483e+00
4.756199999999998340e+01 4.620000000000000284e+01 1.555573037510275647e+00 1.541578765578780486e+00
4.740799999999997283e+01 4.635000000000000142e+01 1.559298125534853918e+00 1.539836214065846809e+00
4.730399999999999494e+01 4.635000000000000142e+01 1.562534856027127717e+00 1.538256167981945977e+00
4.762400000000000233e+01 4.639000000000000057e+01 1.555647934411849453e+00 1.537381501489751612e+00
4.718199999999996663e+01 4.660999999999999943e+01 1.556871206913543970e+00 1.536332364601472378e+00
4.786799999999998789e+01 4.678000000000000114e+01 1.545475214581878420e+00 1.535216860373177283e+00
4.719799999999997198e+01 4.661999999999999744e+01 1.554946501844475470e+00 1.533819903873670620e+00
4.842999999999994287e+01 4.672999999999999687e+01 1.543071978871842109e+00 1.532249944636316918e+00
4.821799999999997510e+01 4.677000000000000313e+01 1.549385253781119465e+00 1.530884511759196931e+00
4.752199999999992741e+01 4.671999999999999886e+01 1.550873883703384415e+00 1.530169093008546310e+00
4.794399999999998840e+01 4.700000000000000000e+01 1.547763208947849689e+00 1.528984658220433168e+00
4.804199999999998738e+01 4.701000000000000512e+01 1.543734748556280678e+00 1.527326547322601202e+00
4.843200000000000216e+01 4.704999999999999716e+01 1.542881861356914852e+00 1.525735379808446313e+00
4.848799999999994270e+01 4.717000000000000171e+01 1.536431422647933198e+00 1.524667480718052692e+00
4.823400000000003018e+01 4.716000000000000369e+01 1.544023022031529635e+00 1.523542618106632940e+00
4.805999999999995254e+01 4.731000000000000227e+01 1.543370223248420325e+00 1.523266541055659395e+00
4.838399999999998613e+01 4.729999999999999716e+01 1.536610421432015761e+00 1.520872394534879879e+00
4.829399999999996140e+01 4.728999999999999915e+01 1.539348637758630733e+00 1.519625829557318397e+00
4.855599999999997607e+01 4.718999999999999773e+01 1.534480048915998651e+00 1.518472307944507271e+00
4.866600000000000392e+01 4.744999999999999574e+01 1.530730669355090834e+00 1.517372025465651975e+00
4.881600000000006645e+01 4.749000000000000199e+01 1.533938418006167259e+00 1.515517694695746043e+00
4.859799999999995634e+01 4.722999999999999687e+01 1.538372845463760186e+00 1.514864526976679615e+00
4.875599999999996470e+01 4.746999999999999886e+01 1.530659152242166199e+00 1.514135589080073840e+00
4.920200000000001239e+01 4.743999999999999773e+01 1.524940152381359271e+00 1.512388419635157799e+00
4.881399999999998585e+01 4.749000000000000199e+01 1.532322700415331473e+00 1.511457512514679635e+00
4.890999999999993975e+01 4.767000000000000171e+01 1.526676638372496342e+00 1.510755235319265477e+00
4.884999999999998721e+01 4.764999999999999858e+01 1.526707127230261918e+00 1.509294073733771224e+00
4.924999999999997158e+01 4.756000000000000227e+01 1.523732238702901087e+00 1.507629133453984416e+00
4.908000000000001961e+01 4.777000000000000313e+01 1.521822051244931417e+00 1.507594586460029529e+00
4.890600000000002012e+01 4.753000000000000114e+01 1.520536564938729684e+00 1.506774734367840818e+00
4.906399999999997874e+01 4.764000000000000057e+01 1.521636636128810283e+00 1.505508098557227559e+00
4.907200000000000273e+01 4.767999999999999972e+01 1.522026258346212080e+00 1.504826950968094490e+00
4.947999999999999687e+01 4.782999999999999829e+01 1.513929037809428779e+00 1.502961156337054183e+00
4.952199999999999847e+01 4.781000000000000227e+01 1.515967484477713123e+00 1.502923112628944624e+00
4.973399999999991650e+01 4.787000000000000455e+01 1.514181795031675160e+00 1.501133699027210389e+00
4.978999999999998494e+01 4.794999999999999574e+01 1.509849398828659428e+00 1.499983466024069179e+00
4.952999999999996561e+01 4.789000000000000057e+01 1.516166409324320341e+00 1.499244221027130619e+00
4.973800000000000665e+01 4.799000000000000199e+01 1.511106999794228134e+00 1.499030671055974651e+00
4.957600000000001472e+01 4.789999999999999858e+01 1.519327934938118796e+00 1.497404329826176328e+00
4.908999999999996788e+01 4.774000000000000199e+01 1.521157285229659761e+00 1.496893425024643953e+00
4.982199999999998141e+01 4.812000000000000455e+01 1.504568355513673072e+00 1.495728480057254561e+00
4.971800000000002484e+01 4.801000000000000512e+01 1.506377262346937806e+00 1.495682238248245088e+00
4.994800000000001461e+01 4.823000000000000398e+01 1.509874182442419777e+00 1.494729308761852060e+00
5.016599999999996840e+01 4.828000000000000114e+01 1.508766169308259242e+00 1.492688916091820639e+00
5.021800000000000352e+01 4.807999999999999829e+01 1.497121351441770720e+00 1.492292319597045003e+00
5.007999999999997698e+01 4.814000000000000057e+01 1.504143751223066872e+00 1.491120379004620133e+00
5.015799999999995862e+01 4.828999999999999915e+01 1.505853525557876216e+00 1.490692195372102180e+00
5.042600000000002325e+01 4.846000000000000085e+01 1.497304260307817048e+00 1.488627508583309611e+00
5.039600000000005053e+01 4.825999999999999801e+01 1.500036762506984589e+00 1.487534411800467860e+00
5.050800000000002399e+01 4.859000000000000341e+01 1.498820340694603459e+00 1.486332830332413479e+00
5.014199999999995327e+01 4.864000000000000057e+01 1.500952329951870112e+00 1.486282327849056673e+00
5.037399999999997391e+01 4.839000000000000057e+01 1.499633591623364959e+00 1.485619297702000186e+00
5.027799999999999869e+01 4.854999999999999716e+01 1.500736005485428182e+00 1.484713709916285262e+00
5.013399999999995771e+01 4.854999999999999716e+01 1.500576833106442631e+00 1.483296272553245476e+00
5.062200000000004962e+01 4.850999999999999801e+01 1.494825144922593108e+00 1.482811846365962527e+00
5.051200000000001467e+01 4.850999999999999801e+01 1.492538741009745706e+00 1.481833153174563433e+00
5.083000000000001961e+01 4.859000000000000341e+01 1.489614661559451214e+00 1.481686290523451577e+00
5.037799999999996459e+01 4.842999999999999972e+01 1.503798823263007289e+00 1.479948827638742692e+00
5.081199999999999761e+01 4.857999999999999829e+01 1.489388469215665811e+00 1.479547862893914045e+00
5.036199999999998766e+01 4.850000000000000000e+01 1.490655397454958564e+00 1.479528237432427451e+00
5.101000000000001933e+01 4.863000000000000256e+01 1.489755971228893250e+00 1.477392063404524336e+00
5.103000000000000824e+01 4.862000000000000455e+01 1.491855826315772848e+00 1.476559526475192952e+00
5.077800000000002001e+01 4.859000000000000341e+01 1.493742702309521775e+00 1.476039066780489906e+00
5.048200000000000642e+01 4.899000000000000199e+01 1.491733437347638969e+00 1.475616357270925105e+00
5.100800000000001688e+01 4.874000000000000199e+01 1.485496364392648871e+00 1.474323200262758871e+00
5.069000000000002615e+01 4.875999999999999801e+01 1.489180482713053921e+00 1.474094743122534856e+00
5.153399999999999181e+01 4.885999999999999943e+01 1.481834394749677930e+00 1.473344149522849422e+00
5.144600000000005480e+01 4.878999999999999915e+01 1.480251156251120248e+00 1.471817736738255666e+00
5.159400000000006514e+01 4.905999999999999517e+01 1.480997710906875708e+00 1.470694578201401148e+00
5.125600000000001444e+01 4.879999999999999716e+01 1.482186256106978739e+00 1.470404456229772450e+00
5.153399999999999181e+01 4.896999999999999886e+01 1.478795597795776517e+00 1.469202738275853015e+00
5.168800000000008765e+01 4.900999999999999801e+01 1.476100650999686792e+00 1.468374052206159242e+00
5.166600000000003234e+01 4.913000000000000256e+01 1.474295185087893811e+00 1.467146801642460030e+00
5.140599999999997038e+01 4.889000000000000057e+01 1.477965315358646059e+00 1.467422594100226130e+00
5.142999999999999261e+01 4.905999999999999517e+01 1.482390507094142551e+00 1.465900905001753296e+00
5.140000000000001990e+01 4.927000000000000313e+01 1.486167126664356797e+00 1.464675375670203339e+00
5.179800000000002314e+01 4.938000000000000256e+01 1.475831298182407325e+00 1.465007357045733372e+00
5.159000000000001052e+01 4.939000000000000057e+01 1.473488824055545043e+00 1.464382831139453334e+00
5.212200000000002831e+01 4.953000000000000114e+01 1.464605709414766421e+00 1.462774222548182568e+00
5.144600000000002638e+01 4.928999999999999915e+01 1.474582888075169906e+00 1.462465772002459197e+00
5.157200000000000273e+01 4.935000000000000142e+01 1.475647780543885013e+00 1.461760262699591584e+00
5.215000000000007674e+01 4.910000000000000142e+01 1.463758683810192807e+00 1.462287198737507454e+00
5.203000000000005087e+01 4.940999999999999659e+01 1.468961180879411854e+00 1.460948292225214828e+00
5.167399999999999949e+01 4.930999999999999517e+01 1.472471594946288542e+00 1.459668047578459360e+00
5.180200000000002092e+01 4.943999999999999773e+01 1.471711648341718304e+00 1.459474514982385118e+00
5.198199999999998511e+01 4.935999999999999943e+01 1.469719051991380310e+00 1.459139301942268485e+00
5.170600000000003149e+01 4.948000000000000398e+01 1.479019392755529294e+00 1.458601989789639175e+00
5.188600000000000279e+01 4.940999999999999659e+01 1.470804901461929326e+00 1.456828031869798812e+00
5.224000000000008725e+01 4.953000000000000114e+01 1.471246814824586080e+00 1.457135375263893362e+00
5.178200000000001779e+01 4.970000000000000284e+01 1.474173479592761016e+00 1.456335447597883803e+00
5.234799999999999187e+01 4.945000000000000284e+01 1.459961014887479314e+00 1.456223193058687970e+00
5.206799999999999073e+01 4.974000000000000199e+01 1.462968474347183800e+00 1.455139470793576972e+00
5.255200000000002802e+01 4.976999999999999602e+01 1.459308949119336285e+00 1.454643245305088151e+00
5.230000000000006111e+01 4.932999999999999829e+01 1.468792446427932497e+00 1.455051568971649667e+00
5.227799999999997027e+01 4.966999999999999460e+01 1.469562198001349129e+00 1.454250642946878003e+00
5.222000000000003439e+01 4.983000000000000540e+01 1.466362103433327624e+00 1.453859722437897739e+00
5.247200000000001552e+01 4.968999999999999773e+01 1.460070926590762097e+00 1.452509012021786505e+00
5.232400000000007623e+01 4.988000000000000256e+01 1.460146001629047730e+00 1.451521027852275880e+00
5.264200000000007407e+01 4.978000000000000114e+01 1.460797936176032152e+00 1.450566193233236767e+00
5.269800000000005724e+01 4.978999999999999915e+01 1.455375803380237532e+00 1.450856565435688195e+00
5.260000000000002274e+01 4.968999999999999773e+01 1.461605979538203703e+00 1.450214726803076282e+00
5.266800000000000637e+01 4.995000000000000284e+01 1.459390089883297659e+00 1.449463177543382386e+00
5.279000000000004178e+01 4.985000000000000142e+01 1.458002487253025947e+00 1.448664359795760692e+00
5.271600000000002240e+01 4.978000000000000114e+01 1.450959152366433802e+00 1.447974195265221420e+00
5.234000000000003183e+01 4.993999999999999773e+01 1.467208124084474763e+00 1.447165942485771684e+00
5.272000000000001307e+01 5.001999999999999602e+01 1.456443265606344850e+00 1.446245469437246634e+00
5.284600000000001785e+01 5.021999999999999886e+01 1.452141508488092203e+00 1.445814192815283672e+00
5.282000000000001450e+01 4.995000000000000284e+01 1.451554654443266701e+00 1.445456231341540887e+00
5.288200000000004763e+01 5.028999999999999915e+01 1.448580848113716790e+00 1.444704853530897504e+00
5.307200000000008089e+01 5.013999999999999346e+01 1.449639620576351318e+00 1.444663309877394219e+00
5.308800000000003649e+01 5.011999999999999744e+01 1.451724160531693508e+00 1.442582462399881527e+00
5.258000000000001251e+01 5.017000000000000171e+01 1.455096281216765597e+00 1.442826376600205407e+00
5.321599999999996555e+01 4.981000000000000227e+01 1.440512928820636196e+00 1.443383606758815052e+00
5.289800000000002456e+01 5.017000000000000171e+01 1.445206692395152315e+00 1.441390911836373467e+00
5.315600000000004144e+01 5.024999999999999289e+01 1.445285506964470112e+00 1.441176938306227173e+00
5.282000000000008555e+01 5.031000000000000227e+01 1.451752461121474269e+00 1.440929049478394175e+00
5.291599999999996129e+01 5.026000000000000512e+01 1.450359885628288881e+00 1.440338723948125343e+00
5.315400000000002478e+01 5.036000000000000654e+01 1.446830870066156294e+00 1.440199447557804380e+00
5.292200000000003968e+01 5.046000000000000796e+01 1.451475094590743531e+00 1.439429906205831777e+00
5.362000000000005429e+01 5.032000000000000028e+01 1.443897447254335997e+00 1.439131422931980264e+00
5.308400000000008134e+01 5.039000000000000057e+01 1.443132288885602410e+00 1.439371253691379415e+00
5.326999999999999602e+01 5.040999999999999659e+01 1.447559498180743587e+00 1.437267795669192605e+00
5.362600000000003320e+01 5.012999999999999545e+01 1.440807722604269925e+00 1.437509722338561557e+00
5.342600000000000904e+01 5.022999999999999687e+01 1.448379354925712015e+00 1.436698989264713511e+00
5.327800000000007685e+01 5.026000000000000512e+01 1.447389291944114698e+00 1.435568675212792966e+00
5.320600000000003149e+01 5.010999999999999943e+01 1.452532406343052251e+00 1.435727258460371525e+00
5.346200000000006014e+01 5.033999999999999631e+01 1.444495406458128572e+00 1.434674774427465715e+00
5.321000000000001506e+01 5.023999999999999488e+01 1.448987012693908394e+00 1.434837450275411097e+00
5.327800000000006264e+01 5.017999999999999972e+01 1.442752397567723888e+00 1.434220142966464051e+00
5.349200000000005417e+01 5.021000000000000085e+01 1.439441652769297031e+00 1.433626161145301836e+00
5.317000000000005855e+01 5.022999999999999687e+01 1.446479754030365106e+00 1.433678542701903647e+00
5.335400000000004894e+01 5.048000000000000398e+01 1.438397929157030575e+00 1.433431184414187820e+00
5.336599999999994992e+01 5.067000000000000171e+01 1.445943199513340049e+00 1.433109888048278213e+00
5.381800000000004758e+01 5.028000000000000114e+01 1.436062130939088854e+00 1.432723591027224685e+00
5.339199999999996749e+01 5.020000000000000284e+01 1.445405562554566092e+00 1.432321530942710863e+00
5.369800000000007145e+01 5.044999999999999574e+01 1.436261808332595535e+00 1.431300633939945666e+00
5.401600000000006929e+01 5.047000000000000597e+01 1.429793750653212792e+00 1.430580487918861055e+00
5.359400000000008646e+01 5.039000000000000057e+01 1.430495359278286971e+00 1.429962286421014195e+00
5.406400000000002137e+01 5.034999999999999432e+01 1.434236217199642116e+00 1.430016180334365838e+00
5.369399999999999551e+01 5.042000000000000171e+01 1.440702446136131742e+00 1.430141181192838618e+00
5.388800000000004076e+01 5.024999999999999289e+01 1.437488602904359425e+00 1.429631409916495732e+00
5.374200000000007549e+01 5.044999999999999574e+01 1.435618744345025011e+00 1.428856206314776056e+00
5.384000000000004604e+01 5.053999999999999915e+01 1.437650236970357653e+00 1.428367532066042944e+00
5.422599999999999909e+01 5.044999999999999574e+01 1.434119510298741851e+00 1.427723810107587754e+00
5.412800000000004275e+01 5.047000000000000597e+01 1.437309698778810318e+00 1.427770446052724296e+00
5.399400000000007083e+01 5.058000000000000540e+01 1.436525542257872878e+00 1.426819304264861143e+00
5.360800000000003962e+01 5.050999999999999801e+01 1.436695240846711519e+00 1.427245217752825868e+00
5.416000000000007475e+01 5.046000000000000796e+01 1.426384466810731499e+00 1.426793643265164446e+00
5.390800000000005809e+01 5.044999999999999574e+01 1.431413680072150862e+00 1.425850329213616430e+00
5.412800000000004985e+01 5.039000000000000057e+01 1.435499433272534153e+00 1.426423814648875021e+00
5.442199999999999704e+01 5.047000000000000597e+01 1.424125698692103370e+00 1.426390339011097907e+00
5.455000000000010374e+01 5.054999999999999716e+01 1.422608325730924994e+00 1.425180443147464837e+00
5.410800000000005383e+01 5.074999999999999289e+01 1.424111222127341980e+00 1.424527560769775381e+00
5.431600000000003092e+01 5.063999999999999346e+01 1.421381088388801839e+00 1.424322672219820340e+00
5.432600000000000762e+01 5.037000000000000455e+01 1.427893614322896187e+00 1.423870796485809054e+00
5.474600000000000222e+01 5.071000000000000085e+01 1.421382825273841410e+00 1.423468110403592002e+00
5.408000000000004093e+01 5.063999999999999346e+01 1.432390166956626576e+00 1.422743324164793544e+00
5.426600000000004798e+01 5.048000000000000398e+01 1.430621799589429255e+00 1.423831453589122997e+00
5.450400000000004752e+01 5.062999999999999545e+01 1.430334966064569668e+00 1.422818506584938580e+00
5.390800000000005099e+01 5.060000000000000142e+01 1.433748383872139875e+00 1.422119247058362124e+00
5.436200000000003740e+01 5.052999999999999403e+01 1.429458932896810808e+00 1.421228879793749345e+00
5.464600000000005053e+01 5.048000000000000398e+01 1.422797503672724284e+00 1.421978761295867644e+00
5.438800000000001234e+01 5.063999999999999346e+01 1.425168180647229166e+00 1.421268586138055401e+00
5.434600000000003206e+01 5.078000000000000114e+01 1.425748461056162375e+00 1.420568813155381749e+00
5.474600000000009459e+01 5.076000000000000512e+01 1.420375067731267871e+00 1.420098780771905878e+00
5.496600000000002950e+01 5.063999999999999346e+01 1.417005063384597863e+00 1.419099070761623116e+00
5.458800000000003649e+01 5.056000000000000227e+01 1.419776010556101475e+00 1.419222578142603775e+00
5.452000000000005997e+01 5.054999999999999716e+01 1.420843798552576809e+00 1.419601894607367187e+00
5.425600000000004997e+01 5.078000000000000114e+01 1.427213854418895034e+00 1.418502308832218173e+00
5.465800000000007230e+01 5.044999999999999574e+01 1.413846842845335461e+00 1.418726048483177182e+00
5.432400000000007623e+01 5.059000000000000341e+01 1.428379892151266928e+00 1.418737306769400242e+00
5.470400000000007168e+01 5.092999999999999972e+01 1.419715175872509061e+00 1.418275866501995441e+00
5.497000000000009123e+01 5.069000000000000483e+01 1.415053784670296633e+00 1.418072335462874589e+00
5.473200000000002774e+01 5.060999999999999943e+01 1.420453190076991667e+00 1.418002943221596146e+00
5.462400000000008049e+01 5.058000000000000540e+01 1.417560575902779840e+00 1.417739067281020171e+00
5.471600000000005082e+01 5.067000000000000171e+01 1.417243621862270153e+00 1.417681076603251711e+00
5.440400000000005321e+01 5.078000000000000114e+01 1.424821806719921646e+00 1.417760385456428462e+00
5.442400000000005633e+01 5.059000000000000341e+01 1.422599932448913140e+00 1.417086755732286596e+00
5.478600000000003689e+01 5.071000000000000085e+01 1.415987011921772121e+00 1.416280140090849793e+00
5.502800000000004133e+01 5.069000000000000483e+01 1.410660074284470156e+00 1.415358591574006342e+00
5.534200000000004849e+01 5.082999999999999829e+01 1.413050878570264679e+00 1.414903048965543642e+00
5.524800000000003308e+01 5.092000000000000171e+01 1.411204330402359597e+00 1.414610820841729177e+00
5.476400000000005974e+01 5.084999999999999432e+01 1.417366669407852164e+00 1.414478771761261244e+00
5.469400000000003104e+01 5.071999999999999886e+01 1.417073709538651860e+00 1.413363644857588142e+00
5.497000000000008413e+01 5.050000000000000000e+01 1.425111326696170133e+00 1.414036878487202609e+00
5.497400000000006060e+01 5.089999999999999858e+01 1.413946434002868013e+00 1.412763312405470151e+00
5.490600000000002723e+01 5.074999999999999289e+01 1.416276907143342090e+00 1.413782154046765882e+00
5.535000000000002274e+01 5.079999999999999716e+01 1.407294380597936101e+00 1.413234238629387907e+00
5.498400000000005861e+01 5.081000000000000227e+01 1.413756155445570872e+00 1.412013439873260667e+00
5.499600000000008038e+01 5.088000000000000256e+01 1.420458545389434502e+00 1.411965506967421513e+00
5.484800000000001319e+01 5.062999999999999545e+01 1.414678291135840427e+00 1.411256845586194464e+00
5.480200000000002802e+01 5.077000000000000313e+01 1.417693132990702987e+00 1.411560509611231140e+00
5.466200000000009140e+01 5.092000000000000171e+01 1.418540756942689107e+00 1.410861706647247305e+00
5.503799999999999670e+01 5.084999999999999432e+01 1.412053858169601828e+00 1.411835029837061439e+00
5.550000000000008527e+01 5.071000000000000085e+01 1.409252356385267468e+00 1.410481295730995122e+00
5.509800000000002029e+01 5.083999999999999631e+01 1.415469903995763001e+00 1.410553236514309194e+00
5.556200000000006867e+01 5.079999999999999716e+01 1.404026331150365126e+00 1.411130956718597007e+00
5.526400000000008106e+01 5.082000000000000028e+01 1.413309819077255058e+00 1.409786513063070013e+00
5.507800000000001006e+01 5.092999999999999972e+01 1.412987093975228925e+00 1.409344194312295739e+00
5.561000000000011312e+01 5.082999999999999829e+01 1.410297845450516396e+00 1.409933248391870730e+00
