5.547902680927402130e+00 2.044549697456826465e+00 4.975255633211838280e+00 1.942484928957916912e+00 2.928800000000000026e+01 2.884199999999999875e+01 3.431000000000000227e+01 3.307000000000000028e+01
4.930263682684204340e+00 1.910514137274223367e+00 5.156294436057126340e+00 1.878513464394482080e+00 3.369800000000000040e+01 3.428999999999999915e+01 3.191000000000000014e+01 3.564999999999999858e+01
4.821239690624396168e+00 1.862172177307647170e+00 4.635466978862599952e+00 1.853648552595595689e+00 3.451800000000000068e+01 3.610799999999999699e+01 3.542000000000000171e+01 3.607000000000000028e+01
4.719575624161724825e+00 1.836627181720010382e+00 5.044321034602710974e+00 1.832870297786872937e+00 3.527199999999999847e+01 3.674199999999999733e+01 3.249000000000000199e+01 3.637000000000000455e+01
4.690529336330580890e+00 1.825172206591011426e+00 4.758685197111318210e+00 1.822079341725121759e+00 3.555400000000000205e+01 3.723199999999999932e+01 3.687000000000000455e+01 3.739999999999999858e+01
4.585807864588208993e+00 1.805254025409264163e+00 4.703785830155015724e+00 1.811630637061140581e+00 3.639200000000000301e+01 3.823400000000000176e+01 3.650999999999999801e+01 3.731000000000000227e+01
4.565285639460776146e+00 1.800987508868971965e+00 4.671932739384901723e+00 1.803583400875284903e+00 3.655599999999999739e+01 3.831000000000000227e+01 3.556000000000000227e+01 3.757000000000000028e+01
4.509626401720523425e+00 1.789450420429920197e+00 4.747913513434462551e+00 1.794222930524155046e+00 3.715200000000000102e+01 3.862599999999999767e+01 3.557999999999999829e+01 3.788000000000000256e+01
4.536472881888167663e+00 1.781567260926867124e+00 4.737766991958678453e+00 1.789264543302458321e+00 3.691400000000000148e+01 3.875200000000000244e+01 3.610000000000000142e+01 3.874000000000000199e+01
4.510459747964138622e+00 1.778177902522013909e+00 4.836718991359003184e+00 1.800714240995867854e+00 3.726599999999999824e+01 3.909799999999999898e+01 3.382000000000000028e+01 3.732000000000000028e+01
4.466785364588409912e+00 1.772190239827514890e+00 4.665792936217212805e+00 1.780854899340746478e+00 3.722399999999999665e+01 3.961200000000000188e+01 3.573000000000000398e+01 3.850999999999999801e+01
4.456044762735498210e+00 1.765415658758511697e+00 4.705538616189273604e+00 1.777266523154778621e+00 3.776599999999999824e+01 3.979399999999999693e+01 3.556000000000000227e+01 3.907999999999999829e+01
4.436273100486733512e+00 1.768324766349036903e+00 4.540084217088493190e+00 1.771397591204876720e+00 3.756600000000000250e+01 3.943800000000000239e+01 3.725000000000000000e+01 3.896000000000000085e+01
4.425399150182553143e+00 1.762236555356299972e+00 4.981355353267659325e+00 1.771563940193223718e+00 3.786399999999999721e+01 3.982200000000000273e+01 3.278000000000000114e+01 3.853000000000000114e+01
4.409267885772616857e+00 1.758604555385554269e+00 4.629569727703433557e+00 1.765569924686035685e+00 3.772999999999999687e+01 3.975600000000000023e+01 3.589999999999999858e+01 3.936999999999999744e+01
4.446371364859199815e+00 1.757291150579960215e+00 4.734797650147823056e+00 1.767712834852473769e+00 3.784000000000000341e+01 3.998400000000000176e+01 3.489999999999999858e+01 3.914999999999999858e+01
4.379804695218552979e+00 1.754003407362417777e+00 4.990213052820585915e+00 1.764454459991502411e+00 3.790599999999999881e+01 4.000800000000000267e+01 3.397999999999999687e+01 3.953000000000000114e+01
4.326176807467677854e+00 1.753760354490293105e+00 4.724872289705554174e+00 1.767560088539564367e+00 3.852199999999999847e+01 4.048400000000000176e+01 3.654999999999999716e+01 3.889000000000000057e+01
4.355496241566495286e+00 1.743804907773801149e+00 4.501088609819092312e+00 1.759261190573108369e+00 3.825200000000000244e+01 4.047800000000000153e+01 3.771000000000000085e+01 3.935000000000000142e+01
4.331537035816743320e+00 1.747097566467828988e+00 4.484110317129385237e+00 1.757097179894283823e+00 3.814399999999999835e+01 4.053600000000000136e+01 3.842999999999999972e+01 3.939999999999999858e+01
4.320830165462055561e+00 1.739449087503485147e+00 4.636425621251674123e+00 1.755541595943196365e+00 3.874199999999999733e+01 4.075999999999999801e+01 3.688000000000000256e+01 3.943999999999999773e+01
4.332957428857135973e+00 1.738090554265785181e+00 5.108467257551508212e+00 1.754633359470790577e+00 3.868599999999999994e+01 4.091799999999999926e+01 3.094999999999999929e+01 3.972999999999999687e+01
4.297018152146252490e+00 1.735250351952230652e+00 4.818322122022217435e+00 1.754860307905198979e+00 3.890599999999999881e+01 4.122200000000000131e+01 3.612000000000000455e+01 3.947999999999999687e+01
4.311818639090018834e+00 1.727641681417882991e+00 4.808499551292985785e+00 1.754690437219479815e+00 3.900399999999999778e+01 4.125999999999999801e+01 3.373999999999999488e+01 3.967000000000000171e+01
4.286670842362895861e+00 1.732071826778626367e+00 4.654867067900532618e+00 1.750767330552540635e+00 3.887400000000000233e+01 4.079200000000000159e+01 3.773000000000000398e+01 3.964999999999999858e+01
4.300476437911753713e+00 1.726410035674496690e+00 4.677671937818097092e+00 1.752023192985731725e+00 3.909799999999999898e+01 4.116599999999999682e+01 3.614000000000000057e+01 4.000999999999999801e+01
4.255970907559338379e+00 1.730671684777621344e+00 4.663580219124916049e+00 1.748246450617885639e+00 3.906000000000000227e+01 4.103999999999999915e+01 3.635000000000000142e+01 4.014000000000000057e+01
4.249229227577369983e+00 1.725193727454652715e+00 4.487849317584324815e+00 1.746285767949750767e+00 3.897999999999999687e+01 4.143200000000000216e+01 3.881000000000000227e+01 4.010000000000000142e+01
4.267851161385207703e+00 1.726002584603087087e+00 4.570857704343533889e+00 1.748311949208033456e+00 3.882800000000000296e+01 4.127199999999999847e+01 3.760000000000000142e+01 3.966000000000000369e+01
4.277472385956789580e+00 1.725357392348893404e+00 4.841754245994565053e+00 1.742967460986809991e+00 3.916599999999999682e+01 4.142199999999999704e+01 3.560999999999999943e+01 4.017000000000000171e+01
4.272459522867062098e+00 1.712138548323260512e+00 5.024372066474632526e+00 1.745591659125376172e+00 3.921399999999999864e+01 4.155799999999999983e+01 3.418999999999999773e+01 3.947999999999999687e+01
4.265882725872764070e+00 1.709029547505378721e+00 4.940836163070009945e+00 1.743368997676207899e+00 3.909599999999999653e+01 4.185999999999999943e+01 3.421000000000000085e+01 3.972999999999999687e+01
4.287283533694297155e+00 1.718717196638235745e+00 4.635228383375005201e+00 1.746959331082883926e+00 3.880199999999999960e+01 4.163400000000000034e+01 3.732000000000000028e+01 3.992999999999999972e+01
4.236447714730772418e+00 1.715978208083174250e+00 4.766934210777615810e+00 1.745257679432646203e+00 3.940200000000000102e+01 4.168800000000000239e+01 3.459999999999999432e+01 3.978000000000000114e+01
4.243539704277359270e+00 1.712081593406320046e+00 4.516191985968211142e+00 1.739933081376363599e+00 3.911800000000000210e+01 4.151400000000000290e+01 3.808000000000000540e+01 4.010000000000000142e+01
4.237422035541472454e+00 1.721784611829933143e+00 4.652114973294975364e+00 1.745088021166731673e+00 3.957800000000000296e+01 4.175000000000000000e+01 3.710000000000000142e+01 3.987999999999999545e+01
4.283124394934548995e+00 1.720966721382808595e+00 4.676316709099206825e+00 1.741953014438531566e+00 3.923199999999999932e+01 4.171800000000000352e+01 3.732000000000000028e+01 4.010000000000000142e+01
4.229555220298832907e+00 1.716122018007449235e+00 4.597138359023806409e+00 1.739708505838066799e+00 3.922399999999999665e+01 4.190200000000000102e+01 3.690999999999999659e+01 4.028999999999999915e+01
4.266219577493568060e+00 1.723341494153983078e+00 4.885077386576949898e+00 1.740314299563376688e+00 3.910999999999999943e+01 4.159000000000000341e+01 3.459999999999999432e+01 4.039000000000000057e+01
4.244068112010204175e+00 1.709828512167894221e+00 4.725935312190978621e+00 1.738265697786158137e+00 3.919200000000000017e+01 4.210999999999999943e+01 3.535999999999999943e+01 4.010000000000000142e+01
4.219987314353303098e+00 1.719599782684021916e+00 4.749702639139985472e+00 1.741197503329414253e+00 3.960799999999999699e+01 4.147200000000000131e+01 3.533999999999999631e+01 4.025999999999999801e+01
4.244779014918091953e+00 1.709967325823654072e+00 4.651954635561018847e+00 1.737318507357960673e+00 3.905199999999999960e+01 4.184799999999999898e+01 3.678000000000000114e+01 4.046999999999999886e+01
4.193216909541541249e+00 1.711908779682404846e+00 4.657249441092718101e+00 1.737760472142234169e+00 3.990999999999999659e+01 4.193200000000000216e+01 3.610999999999999943e+01 4.038000000000000256e+01
4.252007994625762954e+00 1.714473614784467470e+00 4.883425366090085262e+00 1.737966042633760422e+00 3.927199999999999847e+01 4.184000000000000341e+01 3.544999999999999574e+01 3.985999999999999943e+01
4.209754829970446366e+00 1.707313101078968387e+00 4.838859063075434896e+00 1.736835710921825759e+00 3.962599999999999767e+01 4.221600000000000108e+01 3.507000000000000028e+01 4.021000000000000085e+01
4.188855039182051598e+00 1.696855716474527709e+00 4.543235956578433488e+00 1.733620706964658531e+00 3.957600000000000051e+01 4.263199999999999790e+01 3.867999999999999972e+01 4.067000000000000171e+01
4.219991315937405396e+00 1.707608846714540940e+00 4.547875959580158778e+00 1.735891520351444450e+00 3.957000000000000028e+01 4.205599999999999739e+01 3.753000000000000114e+01 4.027000000000000313e+01
4.192128836733225228e+00 1.706885140317679683e+00 4.624873055648435205e+00 1.733311050973951994e+00 3.976599999999999824e+01 4.210799999999999699e+01 3.688000000000000256e+01 4.053999999999999915e+01
4.221505810713586548e+00 1.695642711148541260e+00 4.857924790322742048e+00 1.733709130448028102e+00 3.940999999999999659e+01 4.259000000000000341e+01 3.453000000000000114e+01 4.031000000000000227e+01
4.207086106097551514e+00 1.704779232739528805e+00 4.719643088061672209e+00 1.743950314055844997e+00 3.954599999999999937e+01 4.211399999999999721e+01 3.625999999999999801e+01 3.973999999999999488e+01
4.168097449186234371e+00 1.712497257349457236e+00 4.624537877184205392e+00 1.734138659616921929e+00 3.975000000000000000e+01 4.194200000000000017e+01 3.732000000000000028e+01 4.041000000000000369e+01
4.195341370409948034e+00 1.706826705362684882e+00 4.675155228214202374e+00 1.735136577694486704e+00 3.963000000000000256e+01 4.227000000000000313e+01 3.716999999999999460e+01 4.016000000000000369e+01
4.135835265270816130e+00 1.702002076724367541e+00 4.520872489016045215e+00 1.735137499138807993e+00 4.027000000000000313e+01 4.239200000000000301e+01 3.821000000000000085e+01 4.040000000000000568e+01
4.221015154717524531e+00 1.694056582125818666e+00 4.697412847582348228e+00 1.739304815070584098e+00 3.939000000000000057e+01 4.290400000000000347e+01 3.775999999999999801e+01 4.003999999999999915e+01
4.179113280544728859e+00 1.714365697951598655e+00 4.643918356803974135e+00 1.732806530702830194e+00 4.001599999999999824e+01 4.199799999999999756e+01 3.733000000000000540e+01 4.051000000000000512e+01
4.221444087494839792e+00 1.705552816342226885e+00 4.822558402909551845e+00 1.729632079058940786e+00 3.970799999999999841e+01 4.233200000000000074e+01 3.492000000000000171e+01 4.045000000000000284e+01
4.178396832560228980e+00 1.704374234820288825e+00 4.515066953615179735e+00 1.731237560788192908e+00 3.990200000000000102e+01 4.226200000000000045e+01 3.774000000000000199e+01 4.081000000000000227e+01
4.180194090603476020e+00 1.700670259645973292e+00 4.830583744629581844e+00 1.729500461839590608e+00 3.994200000000000017e+01 4.256600000000000250e+01 3.403000000000000114e+01 4.028999999999999915e+01
4.181586228651474002e+00 1.694082316000609767e+00 4.782151972880249069e+00 1.734080341934408409e+00 3.967799999999999727e+01 4.236800000000000210e+01 3.672000000000000597e+01 4.010999999999999943e+01
4.175021823441985802e+00 1.699441130024811564e+00 4.569996271977283087e+00 1.728332524833925410e+00 4.003799999999999670e+01 4.248199999999999932e+01 3.789999999999999858e+01 4.075000000000000000e+01
4.163538202815434630e+00 1.699527528831743295e+00 4.747758062689896086e+00 1.732061972999565880e+00 4.021000000000000085e+01 4.234599999999999653e+01 3.634000000000000341e+01 4.050000000000000000e+01
4.166299323202121485e+00 1.703841265172776565e+00 4.642064993357991831e+00 1.733150749624903453e+00 4.010199999999999676e+01 4.271999999999999886e+01 3.623000000000000398e+01 4.031000000000000227e+01
4.149427607674689433e+00 1.699524519806822953e+00 4.612150771420888695e+00 1.729831767864673964e+00 4.004399999999999693e+01 4.238799999999999812e+01 3.703000000000000114e+01 4.039000000000000057e+01
4.103962375570088916e+00 1.692163259235911488e+00 4.647160603495871456e+00 1.732983847385750620e+00 4.029399999999999693e+01 4.271000000000000085e+01 3.714000000000000057e+01 4.015000000000000568e+01
4.198252140247912045e+00 1.691570294277673803e+00 4.685645177205774559e+00 1.735313728993964411e+00 3.971000000000000085e+01 4.291199999999999903e+01 3.740999999999999659e+01 4.039000000000000057e+01
4.166460426963343622e+00 1.688497539236214484e+00 4.690249046308161418e+00 1.737784917633217852e+00 4.000399999999999778e+01 4.292999999999999972e+01 3.739000000000000057e+01 4.007000000000000028e+01
4.086956245470657834e+00 1.694165848262772833e+00 4.605292726438799278e+00 1.731838905997507450e+00 4.022800000000000153e+01 4.285399999999999920e+01 3.688000000000000256e+01 4.071000000000000085e+01
4.149768208766845490e+00 1.697703860886042415e+00 4.927311469400161847e+00 1.728310396234392199e+00 4.004200000000000159e+01 4.297800000000000153e+01 3.400999999999999801e+01 4.084999999999999432e+01
4.151257025232205855e+00 1.691836701187399594e+00 4.546792172787401221e+00 1.728521167716333906e+00 4.011999999999999744e+01 4.281199999999999761e+01 3.786999999999999744e+01 4.066000000000000369e+01
4.119041489554631674e+00 1.680456425329046155e+00 4.526779856062258744e+00 1.730685006542311610e+00 3.999000000000000199e+01 4.347399999999999665e+01 3.897999999999999687e+01 4.071000000000000085e+01
4.141309391001847473e+00 1.690415719115606619e+00 4.617336843125100287e+00 1.733688025879484895e+00 4.021800000000000352e+01 4.265400000000000347e+01 3.721999999999999886e+01 4.028000000000000114e+01
4.145222820642251449e+00 1.685141278824324962e+00 4.596448877851775805e+00 1.729346615855875680e+00 4.023199999999999932e+01 4.329800000000000182e+01 3.745000000000000284e+01 4.040000000000000568e+01
4.164602104891408807e+00 1.691474430748789004e+00 4.633237368983188276e+00 1.731329913821960664e+00 4.023400000000000176e+01 4.310199999999999676e+01 3.760999999999999943e+01 4.041000000000000369e+01
4.104160888233525206e+00 1.691074693788458871e+00 4.615031012894730722e+00 1.730351612572771591e+00 4.028199999999999648e+01 4.300000000000000000e+01 3.844000000000000483e+01 4.057000000000000028e+01
4.119771224312738234e+00 1.685744131258378742e+00 4.517901404933797771e+00 1.728464080042436679e+00 4.031799999999999784e+01 4.321000000000000085e+01 3.807000000000000028e+01 4.083999999999999631e+01
4.172015670319264125e+00 1.678439650440638919e+00 4.806302143083081013e+00 1.730257108488608919e+00 3.983599999999999852e+01 4.350200000000000244e+01 3.509999999999999432e+01 4.042000000000000171e+01
4.131506273431195808e+00 1.697836755797194508e+00 4.652894766817127881e+00 1.726730102442764592e+00 4.028000000000000114e+01 4.277400000000000091e+01 3.670000000000000284e+01 4.058999999999999631e+01
4.083195698789400474e+00 1.690485599723206889e+00 4.661891315822176196e+00 1.731767412241510096e+00 4.064999999999999858e+01 4.311800000000000210e+01 3.711999999999999744e+01 4.063000000000000256e+01
4.103340495662807008e+00 1.680521118115578139e+00 4.721337183090577483e+00 1.727183245343634654e+00 4.026200000000000045e+01 4.341599999999999682e+01 3.646999999999999886e+01 4.068999999999999773e+01
4.174484491366817096e+00 1.700024728754889303e+00 4.775770531825140885e+00 1.732033207687659448e+00 4.022399999999999665e+01 4.271200000000000330e+01 3.556000000000000227e+01 4.053999999999999915e+01
4.136342441353455079e+00 1.686335178159162895e+00 4.553933668718964434e+00 1.728339920581567046e+00 3.972599999999999909e+01 4.300800000000000267e+01 3.725000000000000000e+01 4.052000000000000313e+01
4.156285791390935458e+00 1.688165081808125967e+00 4.741684853121634013e+00 1.726293545070157975e+00 4.010799999999999699e+01 4.309599999999999653e+01 3.627000000000000313e+01 4.064000000000000057e+01
4.081026317108137569e+00 1.688259769085534545e+00 4.637127635502166001e+00 1.738114999298633112e+00 4.045600000000000307e+01 4.326200000000000045e+01 3.756000000000000227e+01 3.990000000000000568e+01
4.138513745971937219e+00 1.678432815588174476e+00 4.757073731468753230e+00 1.730415518647179018e+00 3.996399999999999864e+01 4.346399999999999864e+01 3.548000000000000398e+01 4.053000000000000114e+01
4.106805335198046691e+00 1.693563756207961513e+00 4.666573491902414439e+00 1.735146059800096285e+00 4.039399999999999835e+01 4.266199999999999903e+01 3.703999999999999915e+01 4.066000000000000369e+01
4.147222279702179826e+00 1.697978327420072153e+00 4.670384471267405857e+00 1.727087339436360613e+00 3.997399999999999665e+01 4.298400000000000176e+01 3.821999999999999886e+01 4.045000000000000284e+01
4.116604951340478102e+00 1.688186972805975516e+00 4.713980880621054581e+00 1.731765028140122231e+00 4.021999999999999886e+01 4.319599999999999795e+01 3.720000000000000284e+01 4.025000000000000000e+01
4.126231131173718758e+00 1.685209770516800099e+00 4.577669003512594870e+00 1.732000581326945676e+00 3.986999999999999744e+01 4.333800000000000097e+01 3.809000000000000341e+01 4.085999999999999943e+01
4.117835502244044932e+00 1.678564580544298357e+00 4.757059427550704100e+00 1.728422182021765785e+00 4.051400000000000290e+01 4.346200000000000330e+01 3.653000000000000114e+01 4.102000000000000313e+01
4.098224981564933422e+00 1.681978796358476469e+00 4.696351796575344295e+00 1.728045128332125868e+00 4.018599999999999994e+01 4.318999999999999773e+01 3.637000000000000455e+01 4.089000000000000057e+01
4.080608422430616500e+00 1.683707793251843166e+00 5.079595189623882234e+00 1.732306149963789066e+00 4.035199999999999676e+01 4.320000000000000284e+01 3.314000000000000057e+01 4.069999999999999574e+01
4.081969626622321989e+00 1.681482927860820098e+00 4.619287973145592474e+00 1.728679910417856735e+00 4.049799999999999756e+01 4.330799999999999983e+01 3.811999999999999744e+01 4.053999999999999915e+01
4.101017585694745726e+00 1.682159569013928158e+00 4.651546047330269218e+00 1.729808597434638218e+00 4.042199999999999704e+01 4.338199999999999790e+01 3.664000000000000057e+01 4.077000000000000313e+01
4.103534685546345706e+00 1.681026917248377162e+00 4.596751312993858640e+00 1.726988278294579349e+00 4.041799999999999926e+01 4.346600000000000108e+01 3.817999999999999972e+01 4.092999999999999972e+01
4.104630825911014469e+00 1.680286769794018920e+00 4.675224926214540666e+00 1.729081740702156811e+00 4.060600000000000165e+01 4.343599999999999994e+01 3.691999999999999460e+01 4.050000000000000000e+01
4.096243156672380259e+00 1.685596943283362847e+00 4.729699868769968951e+00 1.728158690574872258e+00 4.033400000000000318e+01 4.343599999999999994e+01 3.679999999999999716e+01 4.067999999999999972e+01
4.107270219546417245e+00 1.680573790564042991e+00 4.753167444200617098e+00 1.732802783183202244e+00 4.046200000000000330e+01 4.375800000000000267e+01 3.579999999999999716e+01 4.032000000000000028e+01
4.110533748181899760e+00 1.677267897792997342e+00 4.538058671605161187e+00 1.729142227388183795e+00 4.011399999999999721e+01 4.353600000000000136e+01 3.857000000000000028e+01 4.067000000000000171e+01
4.097291903368903476e+00 1.685311178940980703e+00 4.800378922464693332e+00 1.729717967871552853e+00 4.047200000000000131e+01 4.319200000000000017e+01 3.646000000000000085e+01 4.060999999999999943e+01
4.102435850748359591e+00 1.682904460250527645e+00 4.741108726488853620e+00 1.725908764075432256e+00 4.066199999999999903e+01 4.331600000000000250e+01 3.660000000000000142e+01 4.108999999999999631e+01
4.084325991795327404e+00 1.681270885097717827e+00 4.768415108678289549e+00 1.731979707383631162e+00 4.043999999999999773e+01 4.336599999999999966e+01 3.598000000000000398e+01 4.032999999999999829e+01
4.095492117256692488e+00 1.683174203736243824e+00 4.835151675581162323e+00 1.726496140618540398e+00 4.049199999999999733e+01 4.324600000000000222e+01 3.543999999999999773e+01 4.055000000000000426e+01
4.084487468846967673e+00 1.687158221416681592e+00 4.873534464250441012e+00 1.731421024491468064e+00 4.031400000000000006e+01 4.326599999999999824e+01 3.610000000000000142e+01 4.003000000000000114e+01
4.063340235718696292e+00 1.680972666711842756e+00 4.616669260682046527e+00 1.728249728467521340e+00 4.083200000000000074e+01 4.331000000000000227e+01 3.684000000000000341e+01 4.053999999999999915e+01
4.108656595132201161e+00 1.677960433171662435e+00 4.681864267127746615e+00 1.731629476963022496e+00 4.043599999999999994e+01 4.349199999999999733e+01 3.692999999999999972e+01 4.069999999999999574e+01
4.145443633319681354e+00 1.680802274013523112e+00 4.737975936548886935e+00 1.727930255397513326e+00 3.984599999999999653e+01 4.378399999999999892e+01 3.585000000000000142e+01 4.082999999999999829e+01
4.104037466397403300e+00 1.679983173472675118e+00 4.557457760746907560e+00 1.731492503566190777e+00 4.005599999999999739e+01 4.391199999999999903e+01 3.889999999999999858e+01 4.092999999999999972e+01
4.103378874417692224e+00 1.679853988372873141e+00 4.693520772455006096e+00 1.727718646863631191e+00 4.053399999999999892e+01 4.342000000000000171e+01 3.721000000000000085e+01 4.108999999999999631e+01
4.087491271421096251e+00 1.679392646001588218e+00 4.643813275088354509e+00 1.726878071790979519e+00 4.047999999999999687e+01 4.375000000000000000e+01 3.693999999999999773e+01 4.086999999999999744e+01
4.070188716456112132e+00 1.676915792486466383e+00 4.790460520809474154e+00 1.730961381372088548e+00 4.017999999999999972e+01 4.365200000000000102e+01 3.590999999999999659e+01 4.045000000000000284e+01
4.079725045198638433e+00 1.683695400985311785e+00 4.604328903863416755e+00 1.730627815471000863e+00 4.061200000000000188e+01 4.355400000000000205e+01 3.812999999999999545e+01 4.057999999999999829e+01
4.066966305466370279e+00 1.682561809122900209e+00 4.606858173411978008e+00 1.725866302508021866e+00 4.075999999999999801e+01 4.337400000000000233e+01 3.763000000000000256e+01 4.108999999999999631e+01
4.057663838085065144e+00 1.685115142127903809e+00 4.741964072626175586e+00 1.730700441394803724e+00 4.079599999999999937e+01 4.318599999999999994e+01 3.734000000000000341e+01 4.060999999999999943e+01
4.063056248999386000e+00 1.689477396007045051e+00 4.695177919893209761e+00 1.725684044026082997e+00 4.054800000000000182e+01 4.343800000000000239e+01 3.783000000000000540e+01 4.117000000000000171e+01
4.139630497291624245e+00 1.681429519096661052e+00 4.757425798123686711e+00 1.729991706353338321e+00 4.042399999999999949e+01 4.363199999999999790e+01 3.690999999999999659e+01 4.075000000000000000e+01
4.072246683812025481e+00 1.678566000912440126e+00 4.942765144913227715e+00 1.728980898357387108e+00 4.042799999999999727e+01 4.391799999999999926e+01 3.367000000000000171e+01 4.092000000000000171e+01
4.108474186369433845e+00 1.684367707591893915e+00 4.627489523830469409e+00 1.736677062187341081e+00 4.057999999999999829e+01 4.356199999999999761e+01 3.760000000000000142e+01 4.057999999999999829e+01
4.103256079042300719e+00 1.680840238816555532e+00 4.738424064110769329e+00 1.730923567787796546e+00 4.039000000000000057e+01 4.359599999999999653e+01 3.710000000000000142e+01 4.084999999999999432e+01
4.105336772022170955e+00 1.691808167359698079e+00 4.747847772658687404e+00 1.727889528466470592e+00 4.019400000000000261e+01 4.306799999999999784e+01 3.680999999999999517e+01 4.067000000000000171e+01
4.095959607855858664e+00 1.672193092019909955e+00 4.713725103807571593e+00 1.728487606940079413e+00 4.037199999999999989e+01 4.396000000000000085e+01 3.749000000000000199e+01 4.061999999999999744e+01
4.096642446648588454e+00 1.680349568953217521e+00 4.698439819032993903e+00 1.729076161136026579e+00 4.036800000000000210e+01 4.362199999999999989e+01 3.728999999999999915e+01 4.057999999999999829e+01
4.055762677233234470e+00 1.676138777072293529e+00 4.670050768992329182e+00 1.727961827422318741e+00 4.085999999999999943e+01 4.373199999999999932e+01 3.726999999999999602e+01 4.083999999999999631e+01
4.093708116265561969e+00 1.672798637556204504e+00 4.730140338837168557e+00 1.727330665358335349e+00 4.028000000000000114e+01 4.392999999999999972e+01 3.757000000000000028e+01 4.097999999999999687e+01
4.092882897826968680e+00 1.678139725284966355e+00 4.712402455468255980e+00 1.732071839634986565e+00 4.043200000000000216e+01 4.360999999999999943e+01 3.715999999999999659e+01 4.036999999999999744e+01
4.074860832440155178e+00 1.676510345281848613e+00 4.788603156604913202e+00 1.728567973044545569e+00 4.067600000000000193e+01 4.380400000000000205e+01 3.577000000000000313e+01 4.106000000000000227e+01
4.048975640993024427e+00 1.676296283429688616e+00 4.695193858244843810e+00 1.729496106996315952e+00 4.099000000000000199e+01 4.379599999999999937e+01 3.743999999999999773e+01 4.107000000000000028e+01
4.072332361619241503e+00 1.684200029088013251e+00 5.208782191007379936e+00 1.730774528597249340e+00 4.078000000000000114e+01 4.371399999999999864e+01 3.139999999999999858e+01 4.086999999999999744e+01
4.084498694709520095e+00 1.681174210389445811e+00 4.888345935898929184e+00 1.728685450450284433e+00 4.031799999999999784e+01 4.340999999999999659e+01 3.567999999999999972e+01 4.053999999999999915e+01
4.088990504490398692e+00 1.676712345819981076e+00 4.994149386812452462e+00 1.735264585118576619e+00 4.064000000000000057e+01 4.388400000000000034e+01 3.342999999999999972e+01 4.043999999999999773e+01
4.092538991799735015e+00 1.676618824707993616e+00 4.846638156022151200e+00 1.727050162542930423e+00 4.063400000000000034e+01 4.374000000000000199e+01 3.594999999999999574e+01 4.091000000000000369e+01
4.062635376242062613e+00 1.679795432384039167e+00 4.911054738773473538e+00 1.731962314830542971e+00 4.068399999999999750e+01 4.367399999999999949e+01 3.441000000000000369e+01 4.043999999999999773e+01
4.085703231247669542e+00 1.679077286636941446e+00 5.001677629461123153e+00 1.728122513644329894e+00 4.043200000000000216e+01 4.356199999999999761e+01 3.321000000000000085e+01 4.109999999999999432e+01
4.107228310678829430e+00 1.673986420692111343e+00 4.906277548257901522e+00 1.728893788894308337e+00 4.047599999999999909e+01 4.399799999999999756e+01 3.408999999999999631e+01 4.116000000000000369e+01
4.065236783441186219e+00 1.678100776113428116e+00 4.871188215160862534e+00 1.728130646420638961e+00 4.045600000000000307e+01 4.372399999999999665e+01 3.635999999999999943e+01 4.064000000000000057e+01
4.071551460093203900e+00 1.668660406720518630e+00 4.820400420634407546e+00 1.728097157776527615e+00 4.044599999999999795e+01 4.405400000000000205e+01 3.638000000000000256e+01 4.137000000000000455e+01
4.063353754771985571e+00 1.678501349075042670e+00 4.750616766469858199e+00 1.724410154770094517e+00 4.071000000000000085e+01 4.397599999999999909e+01 3.610000000000000142e+01 4.118999999999999773e+01
4.064310690037377327e+00 1.681640867607098189e+00 4.757599385141764614e+00 1.726829647807248014e+00 4.065400000000000347e+01 4.382399999999999807e+01 3.653999999999999915e+01 4.057000000000000028e+01
4.024167935136168772e+00 1.663851101487707762e+00 4.608170915600044104e+00 1.729788361674428954e+00 4.122999999999999687e+01 4.444800000000000040e+01 3.822999999999999687e+01 4.067000000000000171e+01
4.083147151940433872e+00 1.678342381623968427e+00 4.753059982874052736e+00 1.729419481838045503e+00 4.032800000000000296e+01 4.393399999999999750e+01 3.653000000000000114e+01 4.107999999999999829e+01
4.079663045005016642e+00 1.667606544181352346e+00 4.724217784426805622e+00 1.731143974067187896e+00 4.056799999999999784e+01 4.402000000000000313e+01 3.655999999999999517e+01 4.076000000000000512e+01
4.066961041151866851e+00 1.677855061666944758e+00 4.725867731057922683e+00 1.726681549228746393e+00 4.086399999999999721e+01 4.409199999999999875e+01 3.664000000000000057e+01 4.089000000000000057e+01
4.072203370656986010e+00 1.678364085390402050e+00 4.741159607895299999e+00 1.727811909494802567e+00 4.050200000000000244e+01 4.400800000000000267e+01 3.714000000000000057e+01 4.099000000000000199e+01
4.035317725273352529e+00 1.670082452991558553e+00 4.750183821220421265e+00 1.729596351774865814e+00 4.110000000000000142e+01 4.432000000000000028e+01 3.821000000000000085e+01 4.100000000000000000e+01
4.055723433257350408e+00 1.678236891833962963e+00 5.149157951620632723e+00 1.728618723060046714e+00 4.084799999999999898e+01 4.368800000000000239e+01 2.969999999999999929e+01 4.101000000000000512e+01
4.052107427023091013e+00 1.670941022445690649e+00 4.613373730233125691e+00 1.726991527355326461e+00 4.046800000000000352e+01 4.415599999999999881e+01 3.825999999999999801e+01 4.089999999999999858e+01
4.060203339655416244e+00 1.663944500276887339e+00 4.886905876914712898e+00 1.727858191626589157e+00 4.075200000000000244e+01 4.434199999999999875e+01 3.378000000000000114e+01 4.137000000000000455e+01
4.076713524412745926e+00 1.665678855233128974e+00 4.862116721715897150e+00 1.731410064830833928e+00 4.058800000000000097e+01 4.409400000000000119e+01 3.556000000000000227e+01 4.031000000000000227e+01
4.016455717083453614e+00 1.675161126869945116e+00 4.881907112850809582e+00 1.728580855774873859e+00 4.086999999999999744e+01 4.364399999999999835e+01 3.533999999999999631e+01 4.060000000000000142e+01
4.070161686228123799e+00 1.679561446403445624e+00 4.858180368438079988e+00 1.741682651456985642e+00 4.065599999999999881e+01 4.386399999999999721e+01 3.468999999999999773e+01 4.015000000000000568e+01
4.041605077787241207e+00 1.673390902905363298e+00 4.842543454416444071e+00 1.729716179726727754e+00 4.100600000000000023e+01 4.386599999999999966e+01 3.529999999999999716e+01 4.104999999999999716e+01
4.062019994955551994e+00 1.671414597755429776e+00 4.700579357741749398e+00 1.725239134455257117e+00 4.060000000000000142e+01 4.404200000000000159e+01 3.716999999999999460e+01 4.117999999999999972e+01
4.115212650419552531e+00 1.674582112448494975e+00 4.767618036676387838e+00 1.727922357508377749e+00 4.040800000000000125e+01 4.407999999999999829e+01 3.607999999999999829e+01 4.068999999999999773e+01
4.065854670985824981e+00 1.663400762642315289e+00 4.737550272304326349e+00 1.735293020749129944e+00 4.064800000000000324e+01 4.406600000000000250e+01 3.674000000000000199e+01 4.067000000000000171e+01
4.084716782214116826e+00 1.676486782286483068e+00 5.384917548402495591e+00 1.729189086375232609e+00 4.044599999999999795e+01 4.371600000000000108e+01 2.923000000000000043e+01 4.114000000000000057e+01
4.063589247950262440e+00 1.671966937165790368e+00 4.742667030523530336e+00 1.731815627901333698e+00 4.097999999999999687e+01 4.375999999999999801e+01 3.663000000000000256e+01 4.086999999999999744e+01
4.029717182598633762e+00 1.670031955095065967e+00 4.840213187475103318e+00 1.732622241879064884e+00 4.091400000000000148e+01 4.395799999999999841e+01 3.514000000000000057e+01 4.064999999999999858e+01
4.014503965812878050e+00 1.670014125167725405e+00 4.709475365489921295e+00 1.727686532127864716e+00 4.109000000000000341e+01 4.422800000000000153e+01 3.640999999999999659e+01 4.097999999999999687e+01
4.070417035038920162e+00 1.667600013526008951e+00 4.810320517461379453e+00 1.728079963318436052e+00 4.072399999999999665e+01 4.398599999999999710e+01 3.703000000000000114e+01 4.092000000000000171e+01
4.053897501600721043e+00 1.670162576194056614e+00 4.821166042411766384e+00 1.732558391541594078e+00 4.090999999999999659e+01 4.422999999999999687e+01 3.764000000000000057e+01 4.099000000000000199e+01
4.073607698101774588e+00 1.675280869111242410e+00 4.895462787485669764e+00 1.727797471298346377e+00 4.064200000000000301e+01 4.391599999999999682e+01 3.517000000000000171e+01 4.103000000000000114e+01
4.065368652159708773e+00 1.675133824490449896e+00 4.772876151157228186e+00 1.728717027736739853e+00 4.064200000000000301e+01 4.402199999999999847e+01 3.634000000000000341e+01 4.107000000000000028e+01
4.055017028487099218e+00 1.674780021971691291e+00 4.897526144832094808e+00 1.730969347014694293e+00 4.054999999999999716e+01 4.412400000000000233e+01 3.528000000000000114e+01 4.097999999999999687e+01
4.072090851820818536e+00 1.667451520836004786e+00 4.736558866762725195e+00 1.730297024334030098e+00 4.043800000000000239e+01 4.429800000000000182e+01 3.726999999999999602e+01 4.128000000000000114e+01
4.048344519380334461e+00 1.677583460948562255e+00 5.117499314930952892e+00 1.732950061186355750e+00 4.093599999999999994e+01 4.399000000000000199e+01 3.373999999999999488e+01 4.042000000000000171e+01
4.042088964436238108e+00 1.675160426074326470e+00 4.714309229777926546e+00 1.728361143493932106e+00 4.096800000000000352e+01 4.392199999999999704e+01 3.760000000000000142e+01 4.086999999999999744e+01
4.048067610059368882e+00 1.673243151739853829e+00 4.732036971686514271e+00 1.727302833556445316e+00 4.055799999999999983e+01 4.395600000000000307e+01 3.652000000000000313e+01 4.106000000000000227e+01
4.008886366745151975e+00 1.670292395278064390e+00 4.604424060522707585e+00 1.736216785901853799e+00 4.134400000000000119e+01 4.407399999999999807e+01 3.829999999999999716e+01 4.069999999999999574e+01
4.005051260694711068e+00 1.669324317773631217e+00 4.534947073284745223e+00 1.730446462326046930e+00 4.109799999999999898e+01 4.426800000000000068e+01 3.882000000000000028e+01 4.114999999999999858e+01
4.062739722676595555e+00 1.673934312655203538e+00 4.820289595040478936e+00 1.729246417905165201e+00 4.044400000000000261e+01 4.406000000000000227e+01 3.524000000000000199e+01 4.093999999999999773e+01
4.069655065128282345e+00 1.662783103490619308e+00 4.690304471291981692e+00 1.733969823681007938e+00 4.045199999999999818e+01 4.425399999999999778e+01 3.750000000000000000e+01 4.103000000000000114e+01
4.061105055057934621e+00 1.662060988143617024e+00 4.763368406244787856e+00 1.733511088299682923e+00 4.069800000000000040e+01 4.451599999999999824e+01 3.578000000000000114e+01 4.084999999999999432e+01
4.069141467373618148e+00 1.675631507327738801e+00 4.770413364072457973e+00 1.728774851905871657e+00 4.064200000000000301e+01 4.395199999999999818e+01 3.546000000000000085e+01 4.066000000000000369e+01
4.019049385731979562e+00 1.677832778479229070e+00 4.737368410241563410e+00 1.731919248260523903e+00 4.102799999999999869e+01 4.397800000000000153e+01 3.665999999999999659e+01 4.091000000000000369e+01
4.010401463855067128e+00 1.672247067918841923e+00 4.766531126805265473e+00 1.730061825666025621e+00 4.130599999999999739e+01 4.392799999999999727e+01 3.734000000000000341e+01 4.053999999999999915e+01
4.041768233472960326e+00 1.677787303154228526e+00 4.718853934463709265e+00 1.730770623756260784e+00 4.086399999999999721e+01 4.380400000000000205e+01 3.600000000000000000e+01 4.061999999999999744e+01
4.020756859354384538e+00 1.666202161767338374e+00 5.007032040300148701e+00 1.730178327320925913e+00 4.065999999999999659e+01 4.417199999999999704e+01 3.444999999999999574e+01 4.125000000000000000e+01
4.033138107140072037e+00 1.671160997387312275e+00 4.935938954666281298e+00 1.729366682385877541e+00 4.077199999999999847e+01 4.407000000000000028e+01 3.431000000000000227e+01 4.092999999999999972e+01
4.071572638943555589e+00 1.668598066071234287e+00 4.984815648538056365e+00 1.727855877096141191e+00 4.058599999999999852e+01 4.401599999999999824e+01 3.295000000000000284e+01 4.085999999999999943e+01
4.066631345632095496e+00 1.664235056884109554e+00 4.845675856122826808e+00 1.735157259388677709e+00 4.070000000000000284e+01 4.450999999999999801e+01 3.589999999999999858e+01 4.058999999999999631e+01
4.006816407753515996e+00 1.670682156885361813e+00 4.965383700512797205e+00 1.727737926286053494e+00 4.130199999999999960e+01 4.414200000000000301e+01 3.565999999999999659e+01 4.109999999999999432e+01
4.023426085725608559e+00 1.670830729873228560e+00 4.624140797450793094e+00 1.739266319929625215e+00 4.100399999999999778e+01 4.444200000000000017e+01 3.798000000000000398e+01 4.005000000000000426e+01
4.009604696114474010e+00 1.671307296460240677e+00 4.816939978777189602e+00 1.732400009421620091e+00 4.097599999999999909e+01 4.413400000000000034e+01 3.628999999999999915e+01 4.089000000000000057e+01
4.050930022872761604e+00 1.666288472451272096e+00 4.800722739089909652e+00 1.737823778968754951e+00 4.092999999999999972e+01 4.426200000000000045e+01 3.655999999999999517e+01 4.035000000000000142e+01
4.008283371825935859e+00 1.676975297385387753e+00 4.839456238399071353e+00 1.729664189646960448e+00 4.084799999999999898e+01 4.400200000000000244e+01 3.567000000000000171e+01 4.078000000000000114e+01
4.016008928982172321e+00 1.668706189917162908e+00 5.150009003834088439e+00 1.730275075189999123e+00 4.146600000000000108e+01 4.424600000000000222e+01 3.335999999999999943e+01 4.109999999999999432e+01
4.048720379964339422e+00 1.671434982747251441e+00 4.845854434772186359e+00 1.731736185471046019e+00 4.084199999999999875e+01 4.417999999999999972e+01 3.713000000000000256e+01 4.075000000000000000e+01
4.061269544093918604e+00 1.672953370199223855e+00 4.689963977265587225e+00 1.738649776088710297e+00 4.042000000000000171e+01 4.414800000000000324e+01 3.757000000000000028e+01 4.076000000000000512e+01
4.050038967731863337e+00 1.671871399252695456e+00 4.777108381330600118e+00 1.733510701843987922e+00 4.079200000000000159e+01 4.417000000000000171e+01 3.678999999999999915e+01 4.067000000000000171e+01
4.024127505481597922e+00 1.672407359731978183e+00 4.663050386633719846e+00 1.729962082256090161e+00 4.102799999999999869e+01 4.432600000000000051e+01 3.804999999999999716e+01 4.092000000000000171e+01
4.021660697044849186e+00 1.675429989175722945e+00 4.932061227131723236e+00 1.734851961384226149e+00 4.090800000000000125e+01 4.402400000000000091e+01 3.598000000000000398e+01 4.060000000000000142e+01
4.005132982462496827e+00 1.666422230149962713e+00 4.753584525558323115e+00 1.733803082940982732e+00 4.129599999999999937e+01 4.432200000000000273e+01 3.615999999999999659e+01 4.084999999999999432e+01
4.009083959000570907e+00 1.660273112462138378e+00 4.741263321799671360e+00 1.740509268120610908e+00 4.120600000000000307e+01 4.455400000000000205e+01 3.679999999999999716e+01 4.042000000000000171e+01
3.996427327194920220e+00 1.669426615963982119e+00 4.631656332871904702e+00 1.727883310897121438e+00 4.086599999999999966e+01 4.418599999999999994e+01 3.804999999999999716e+01 4.121000000000000085e+01
4.021001173501876913e+00 1.673842782514722849e+00 4.796114093637494413e+00 1.728792459550772875e+00 4.099000000000000199e+01 4.400000000000000000e+01 3.687000000000000455e+01 4.117999999999999972e+01
4.047831582781948434e+00 1.668674888568133285e+00 4.767397651313881823e+00 1.735351721567395034e+00 4.081400000000000006e+01 4.424799999999999756e+01 3.650999999999999801e+01 4.042000000000000171e+01
4.037147955752479866e+00 1.670056977119989794e+00 4.849079448183910124e+00 1.738756205977494140e+00 4.072800000000000153e+01 4.432800000000000296e+01 3.589000000000000057e+01 4.022999999999999687e+01
4.011260600841354496e+00 1.670820672006545271e+00 4.824476705127681342e+00 1.730341360571301612e+00 4.125200000000000244e+01 4.453799999999999670e+01 3.603999999999999915e+01 4.107999999999999829e+01
4.008835143675638868e+00 1.665101465003897330e+00 4.722840290914022354e+00 1.731092444236832062e+00 4.110799999999999699e+01 4.452000000000000313e+01 3.613000000000000256e+01 4.089000000000000057e+01
4.105935481861669345e+00 1.667503181860217731e+00 4.861238866090814348e+00 1.736740454049531035e+00 4.028399999999999892e+01 4.428399999999999892e+01 3.632999999999999829e+01 4.038000000000000256e+01
4.028415707393049772e+00 1.665364406934469077e+00 4.846451511560927905e+00 1.729209083479401832e+00 4.095000000000000284e+01 4.429999999999999716e+01 3.642999999999999972e+01 4.101000000000000512e+01
4.056774454263895713e+00 1.662509253525492836e+00 4.809943221012127346e+00 1.735641009541813995e+00 4.084799999999999898e+01 4.444400000000000261e+01 3.593999999999999773e+01 4.064999999999999858e+01
4.043919441606276699e+00 1.670529626775054677e+00 5.187137773522215944e+00 1.731448095571083368e+00 4.049199999999999733e+01 4.435600000000000165e+01 3.451000000000000512e+01 4.122999999999999687e+01
4.073469341788749531e+00 1.667780245015773488e+00 4.692437622259483909e+00 1.728901664126579085e+00 4.043999999999999773e+01 4.441799999999999926e+01 3.682999999999999829e+01 4.112000000000000455e+01
4.029077065723710049e+00 1.670739646426839142e+00 4.908501499305295113e+00 1.735993020536390485e+00 4.075399999999999778e+01 4.413600000000000279e+01 3.519999999999999574e+01 4.076000000000000512e+01
4.039773711324424532e+00 1.670413803443982159e+00 4.854376031321037566e+00 1.727979714051247395e+00 4.104800000000000182e+01 4.433400000000000318e+01 3.548000000000000398e+01 4.113000000000000256e+01
4.047500453991925262e+00 1.673142994619000845e+00 4.732216728134510220e+00 1.729846957274655761e+00 4.128600000000000136e+01 4.417199999999999704e+01 3.739000000000000057e+01 4.110999999999999943e+01
4.079192778082200377e+00 1.666919674956441666e+00 5.029619688359423968e+00 1.730134007336569191e+00 4.070799999999999841e+01 4.442399999999999949e+01 3.491000000000000369e+01 4.100000000000000000e+01
4.015885143015752945e+00 1.665448611865262496e+00 4.948549104068153959e+00 1.729326067002816769e+00 4.129399999999999693e+01 4.420000000000000284e+01 3.546999999999999886e+01 4.097999999999999687e+01
4.036722504145266122e+00 1.660427139528671603e+00 4.750296320523199611e+00 1.739092639071817548e+00 4.110199999999999676e+01 4.471000000000000085e+01 3.698000000000000398e+01 4.027000000000000313e+01
4.040120899571934210e+00 1.664960806382014269e+00 4.733246394944524482e+00 1.732591329469829855e+00 4.074399999999999977e+01 4.457200000000000273e+01 3.696000000000000085e+01 4.117999999999999972e+01
3.988816321852812319e+00 1.661493677628005594e+00 4.696383675021628790e+00 1.728204902777342067e+00 4.120000000000000284e+01 4.450800000000000267e+01 3.759000000000000341e+01 4.113000000000000256e+01
4.019029293847315998e+00 1.663713555517546405e+00 4.772043632815461400e+00 1.729474796375080059e+00 4.118800000000000239e+01 4.430799999999999983e+01 3.665999999999999659e+01 4.114000000000000057e+01
4.006522162237398099e+00 1.666894159366959283e+00 4.760045060716800336e+00 1.730307137160792097e+00 4.089800000000000324e+01 4.416599999999999682e+01 3.709000000000000341e+01 4.101000000000000512e+01
4.050255656297593987e+00 1.661750571050742309e+00 4.845990122225554586e+00 1.730189051267130962e+00 4.086999999999999744e+01 4.460000000000000142e+01 3.662000000000000455e+01 4.157000000000000028e+01
3.995958421624541401e+00 1.662276481376539383e+00 5.023740716361017711e+00 1.735688809391879861e+00 4.104200000000000159e+01 4.446200000000000330e+01 3.439000000000000057e+01 4.108999999999999631e+01
4.080282766013985096e+00 1.664432617158430716e+00 4.911492366858646541e+00 1.729853785165572644e+00 4.063199999999999790e+01 4.435999999999999943e+01 3.552000000000000313e+01 4.129999999999999716e+01
4.041851146752002855e+00 1.667789440503503640e+00 4.810280614997060056e+00 1.731226987572560549e+00 4.072200000000000131e+01 4.420600000000000307e+01 3.703999999999999915e+01 4.083999999999999631e+01
4.002264719253416203e+00 1.661079949706016912e+00 4.672140139330822173e+00 1.731538058146216752e+00 4.120799999999999841e+01 4.442600000000000193e+01 3.768999999999999773e+01 4.096999999999999886e+01
4.003177198158885730e+00 1.665733092690562911e+00 5.093396306479973212e+00 1.732661088871115362e+00 4.100000000000000000e+01 4.416400000000000148e+01 3.326999999999999602e+01 4.121999999999999886e+01
4.008287860050629092e+00 1.670018542487478719e+00 4.838227803160179086e+00 1.729885124537149377e+00 4.101599999999999824e+01 4.411999999999999744e+01 3.715999999999999659e+01 4.110999999999999943e+01
4.039156924430956863e+00 1.669920689456135143e+00 4.766837716609980902e+00 1.729748897042295841e+00 4.074199999999999733e+01 4.430199999999999960e+01 3.735999999999999943e+01 4.129999999999999716e+01
3.992282411859926494e+00 1.661773682294743093e+00 4.665415573162722929e+00 1.735455849086670721e+00 4.106400000000000006e+01 4.464000000000000057e+01 3.779999999999999716e+01 4.058999999999999631e+01
4.013297844415007809e+00 1.657937100881130776e+00 4.807791825471335656e+00 1.729299049412599931e+00 4.127400000000000091e+01 4.464600000000000080e+01 3.613000000000000256e+01 4.107000000000000028e+01
4.017997234296182718e+00 1.675800034472684219e+00 4.949471668224450838e+00 1.731646116075808761e+00 4.125000000000000000e+01 4.432999999999999829e+01 3.482000000000000028e+01 4.089999999999999858e+01
4.022525545661394197e+00 1.671180043136795579e+00 4.827670043112031628e+00 1.738187624206827486e+00 4.132999999999999829e+01 4.441799999999999926e+01 3.609000000000000341e+01 4.050000000000000000e+01
3.958002544177213089e+00 1.661803635199750717e+00 4.944217812480833807e+00 1.733386406535954327e+00 4.171600000000000108e+01 4.457999999999999829e+01 3.663000000000000256e+01 4.092000000000000171e+01
4.028977592065785096e+00 1.667642525120504926e+00 4.710944782980066137e+00 1.728908722836298262e+00 4.105799999999999983e+01 4.446800000000000352e+01 3.675000000000000000e+01 4.127000000000000313e+01
4.012437887594024311e+00 1.667066286962652466e+00 4.823389039444659687e+00 1.733259274095112046e+00 4.100000000000000000e+01 4.446999999999999886e+01 3.630999999999999517e+01 4.084999999999999432e+01
4.014517297639557114e+00 1.668759346870233751e+00 4.756529901598009147e+00 1.734284027366228775e+00 4.077000000000000313e+01 4.422399999999999665e+01 3.671000000000000085e+01 4.107999999999999829e+01
4.007353191071511667e+00 1.670152573601303203e+00 4.768941332975248137e+00 1.729839640194531514e+00 4.119200000000000017e+01 4.419200000000000017e+01 3.698000000000000398e+01 4.091000000000000369e+01
4.012796921497339575e+00 1.666651458368529237e+00 5.007924898448417039e+00 1.731534951990985061e+00 4.097800000000000153e+01 4.457999999999999829e+01 3.471999999999999886e+01 4.113000000000000256e+01
4.037582410742159844e+00 1.667881935271284366e+00 4.948793120249062483e+00 1.734177865815505593e+00 4.108599999999999852e+01 4.447800000000000153e+01 3.617999999999999972e+01 4.081000000000000227e+01
4.039551726546528165e+00 1.659223535649897219e+00 4.880946642062027330e+00 1.730724208248270113e+00 4.087800000000000011e+01 4.464800000000000324e+01 3.623000000000000398e+01 4.109999999999999432e+01
3.978410899462882178e+00 1.673794446439477390e+00 4.633799097474662787e+00 1.730024955304872991e+00 4.163600000000000279e+01 4.416400000000000148e+01 3.857999999999999829e+01 4.128000000000000114e+01
4.042798971377571604e+00 1.663453740448257001e+00 4.979516096097205136e+00 1.732632722021195892e+00 4.115400000000000347e+01 4.485600000000000165e+01 3.539000000000000057e+01 4.103999999999999915e+01
4.041161998296462166e+00 1.662776846165636258e+00 4.789277882061739433e+00 1.734466767512195862e+00 4.085000000000000142e+01 4.476200000000000045e+01 3.648000000000000398e+01 4.079999999999999716e+01
4.006365406335270940e+00 1.670747353470653840e+00 5.055672717477539102e+00 1.739536384857848894e+00 4.125399999999999778e+01 4.424799999999999756e+01 3.485999999999999943e+01 4.042000000000000171e+01
4.003867632462026371e+00 1.659013690214800052e+00 4.632585540179158023e+00 1.733435762525779245e+00 4.131000000000000227e+01 4.466599999999999682e+01 3.758000000000000540e+01 4.084999999999999432e+01
4.018027645606120579e+00 1.664158051248086911e+00 4.759202488534106656e+00 1.739021768972178084e+00 4.084799999999999898e+01 4.441799999999999926e+01 3.750999999999999801e+01 4.064999999999999858e+01
3.995338526811170521e+00 1.670594691701742684e+00 5.043622515471449574e+00 1.735606757865751026e+00 4.099799999999999756e+01 4.448599999999999710e+01 3.596999999999999886e+01 4.077000000000000313e+01
4.028234721400962393e+00 1.658449648138955235e+00 4.679501968781065280e+00 1.730769707842579219e+00 4.112599999999999767e+01 4.459599999999999653e+01 3.796999999999999886e+01 4.089000000000000057e+01
3.979450129280156734e+00 1.664570247559958194e+00 4.769816458035269768e+00 1.731428627111596397e+00 4.115999999999999659e+01 4.432000000000000028e+01 3.725999999999999801e+01 4.134999999999999432e+01
4.035004262063538683e+00 1.672295678606255720e+00 4.763966093865060536e+00 1.736417768610344581e+00 4.143200000000000216e+01 4.428000000000000114e+01 3.746999999999999886e+01 4.071999999999999886e+01
4.043286871640072278e+00 1.668686803143341058e+00 4.629841070655841051e+00 1.733020779624815599e+00 4.058200000000000074e+01 4.443200000000000216e+01 3.775000000000000000e+01 4.089000000000000057e+01
4.010742507403851853e+00 1.669739267179807030e+00 4.943619522610279482e+00 1.738372547752040642e+00 4.113400000000000034e+01 4.425600000000000023e+01 3.420000000000000284e+01 4.010000000000000142e+01
4.037431506030221939e+00 1.666550462613038963e+00 4.923180795414425326e+00 1.732992117064417803e+00 4.101599999999999824e+01 4.430199999999999960e+01 3.582999999999999829e+01 4.083999999999999631e+01
4.032214728669051951e+00 1.668325671327075543e+00 4.660754998288735962e+00 1.741292287393325866e+00 4.118599999999999994e+01 4.439200000000000301e+01 3.768999999999999773e+01 4.045000000000000284e+01
4.064520937427776204e+00 1.668221981962537459e+00 4.915251422435307660e+00 1.740563836752585525e+00 4.072200000000000131e+01 4.423799999999999955e+01 3.593999999999999773e+01 4.057999999999999829e+01
4.018584833210560703e+00 1.663735747108297636e+00 4.949784904895820681e+00 1.737597565558923085e+00 4.123199999999999932e+01 4.468599999999999994e+01 3.466000000000000369e+01 4.053000000000000114e+01
4.000194631321624783e+00 1.670284763191737021e+00 4.802606192832799437e+00 1.735590961599641213e+00 4.137400000000000233e+01 4.429200000000000159e+01 3.696000000000000085e+01 4.072999999999999687e+01
3.964619615803747887e+00 1.657604028527195572e+00 4.793980795658129956e+00 1.738184558327527940e+00 4.139000000000000057e+01 4.497200000000000131e+01 3.720000000000000284e+01 4.042000000000000171e+01
4.021770407202250652e+00 1.659212525152760076e+00 4.831394434280356087e+00 1.733698792157174928e+00 4.106799999999999784e+01 4.473400000000000176e+01 3.650999999999999801e+01 4.077000000000000313e+01
4.018858210526861541e+00 1.666704322402612792e+00 4.928977386693239815e+00 1.732103967224859487e+00 4.124000000000000199e+01 4.450200000000000244e+01 3.646999999999999886e+01 4.131000000000000227e+01
4.018168229336176012e+00 1.664286160104912149e+00 4.763087768993857551e+00 1.734222835064485047e+00 4.104200000000000159e+01 4.462800000000000011e+01 3.691999999999999460e+01 4.067999999999999972e+01
4.025353495314259789e+00 1.662594922126895192e+00 4.801725566371733755e+00 1.734759584289207623e+00 4.128999999999999915e+01 4.462400000000000233e+01 3.639000000000000057e+01 4.089999999999999858e+01
4.021767350419236386e+00 1.657283762943402516e+00 5.129765067535067224e+00 1.734119996199741331e+00 4.112400000000000233e+01 4.481600000000000250e+01 3.355000000000000426e+01 4.109999999999999432e+01
3.963334969419945786e+00 1.672148847979156194e+00 4.702977119300948416e+00 1.738215206352276665e+00 4.166599999999999682e+01 4.428999999999999915e+01 3.739000000000000057e+01 4.052000000000000313e+01
4.002791961473660010e+00 1.667586285435414872e+00 4.673079668345869742e+00 1.739261988959066363e+00 4.092999999999999972e+01 4.451200000000000045e+01 3.773000000000000398e+01 4.071000000000000085e+01
4.024368283411651426e+00 1.656804318118862751e+00 4.879525911838038077e+00 1.738882003725136682e+00 4.107999999999999829e+01 4.493999999999999773e+01 3.508999999999999631e+01 4.060999999999999943e+01
3.953221558180476158e+00 1.661236182918293336e+00 4.712769953774240683e+00 1.734186857167584694e+00 4.164800000000000324e+01 4.478999999999999915e+01 3.774000000000000199e+01 4.060999999999999943e+01
4.016961805582770495e+00 1.657285064289644172e+00 5.030974445270472550e+00 1.735141881421735199e+00 4.103399999999999892e+01 4.498199999999999932e+01 3.352000000000000313e+01 4.092999999999999972e+01
3.978193565020300859e+00 1.663712052273191411e+00 4.971471566510497375e+00 1.731778893960067567e+00 4.138600000000000279e+01 4.463400000000000034e+01 3.442999999999999972e+01 4.103999999999999915e+01
3.985145739295119505e+00 1.667477365618809992e+00 4.769610743202913561e+00 1.739880793742639487e+00 4.123199999999999932e+01 4.444400000000000261e+01 3.710999999999999943e+01 4.018999999999999773e+01
4.039621739146413759e+00 1.665244139441510063e+00 4.989597283430530439e+00 1.745548105949705331e+00 4.126599999999999824e+01 4.443800000000000239e+01 3.385999999999999943e+01 4.066000000000000369e+01
4.022881499125170457e+00 1.666296094293330476e+00 4.768165515028612411e+00 1.735782586260604887e+00 4.103799999999999670e+01 4.475399999999999778e+01 3.696999999999999886e+01 4.057999999999999829e+01
4.010787723354390266e+00 1.654290959846463238e+00 4.778812487053871294e+00 1.734451883407220452e+00 4.103199999999999648e+01 4.500000000000000000e+01 3.760999999999999943e+01 4.094999999999999574e+01
3.958775065725030906e+00 1.671208637827406251e+00 4.756269083181786428e+00 1.734775423215251244e+00 4.153399999999999892e+01 4.421800000000000352e+01 3.703000000000000114e+01 4.106000000000000227e+01
4.045476397718471340e+00 1.666500845999450364e+00 4.764578463773040617e+00 1.736107934686538234e+00 4.100200000000000244e+01 4.463400000000000034e+01 3.678999999999999915e+01 4.108999999999999631e+01
3.981345477042760095e+00 1.658002045519862744e+00 4.948003239356564720e+00 1.732950346345189185e+00 4.135799999999999699e+01 4.491799999999999926e+01 3.510999999999999943e+01 4.082000000000000028e+01
4.000260988336711065e+00 1.663118842864169000e+00 4.818843719871996889e+00 1.734857466057388775e+00 4.099799999999999756e+01 4.471000000000000085e+01 3.691999999999999460e+01 4.056000000000000227e+01
3.996556520002013002e+00 1.673318908678422146e+00 4.770318425094217218e+00 1.736686012134247781e+00 4.124000000000000199e+01 4.416400000000000148e+01 3.728000000000000114e+01 4.066000000000000369e+01
3.982409153131310386e+00 1.664945038981171299e+00 4.849741529956113517e+00 1.732163277476346686e+00 4.135600000000000165e+01 4.457200000000000273e+01 3.667999999999999972e+01 4.131000000000000227e+01
4.026849984080354439e+00 1.667448306538791503e+00 4.865129884573558883e+00 1.734020222658387622e+00 4.106400000000000006e+01 4.456400000000000006e+01 3.726999999999999602e+01 4.083999999999999631e+01
4.022000007245879694e+00 1.662790158783777894e+00 4.896383296635449689e+00 1.734692246801250448e+00 4.078999999999999915e+01 4.445400000000000063e+01 3.653000000000000114e+01 4.085999999999999943e+01
4.032309426373380745e+00 1.667656707381032888e+00 4.819222892909741596e+00 1.736610339524566449e+00 4.117000000000000171e+01 4.453999999999999915e+01 3.653000000000000114e+01 4.075000000000000000e+01
4.013999259987151014e+00 1.661154076915676514e+00 4.669142309914234623e+00 1.734252443809889410e+00 4.128399999999999892e+01 4.470799999999999841e+01 3.778000000000000114e+01 4.100000000000000000e+01
4.012594612461880317e+00 1.664041093870484156e+00 5.019188711812253345e+00 1.737974838018941481e+00 4.143800000000000239e+01 4.450000000000000000e+01 3.508999999999999631e+01 4.056000000000000227e+01
4.047218965533685875e+00 1.657583488154430462e+00 4.866842670188167297e+00 1.735519583677324063e+00 4.110000000000000142e+01 4.501400000000000290e+01 3.582999999999999829e+01 4.078999999999999915e+01
3.995439716442345635e+00 1.660046451142323853e+00 4.773851465203867050e+00 1.736155537614779920e+00 4.134199999999999875e+01 4.486200000000000188e+01 3.619999999999999574e+01 4.114999999999999858e+01
4.012121419741857764e+00 1.667374820713483530e+00 4.801127210673551637e+00 1.732781593842765977e+00 4.085399999999999920e+01 4.440200000000000102e+01 3.680999999999999517e+01 4.092999999999999972e+01
4.012287388233803931e+00 1.671281981759934476e+00 4.856228634521496446e+00 1.734596122569670884e+00 4.100399999999999778e+01 4.447200000000000131e+01 3.699000000000000199e+01 4.139999999999999858e+01
4.029588937565172557e+00 1.652551365319229859e+00 4.692776879591528782e+00 1.735210017917996783e+00 4.119800000000000040e+01 4.489200000000000301e+01 3.745000000000000284e+01 4.108999999999999631e+01
3.984628300519615696e+00 1.656937712741833213e+00 4.801529060546545047e+00 1.733339809218829242e+00 4.135999999999999943e+01 4.526200000000000045e+01 3.646999999999999886e+01 4.107000000000000028e+01
4.009996680846613870e+00 1.666192505981928695e+00 4.705425936951399990e+00 1.735385414374232216e+00 4.109599999999999653e+01 4.458200000000000074e+01 3.751999999999999602e+01 4.124000000000000199e+01
3.989810512618859661e+00 1.668048186981703873e+00 4.859647000917739490e+00 1.737686058561867197e+00 4.154999999999999716e+01 4.430599999999999739e+01 3.539999999999999858e+01 4.109999999999999432e+01
4.000957221258430785e+00 1.665964722529512887e+00 4.803988173709705656e+00 1.735622624329632657e+00 4.129200000000000159e+01 4.457200000000000273e+01 3.693999999999999773e+01 4.101000000000000512e+01
4.035732717854264351e+00 1.666162080148814395e+00 4.942098986810770533e+00 1.737365887576448165e+00 4.149799999999999756e+01 4.461800000000000210e+01 3.612000000000000455e+01 4.089000000000000057e+01
3.989825947104512327e+00 1.667973480645026152e+00 4.884124958068623457e+00 1.736608742528421123e+00 4.151400000000000290e+01 4.433599999999999852e+01 3.653000000000000114e+01 4.092999999999999972e+01
4.009370761235215852e+00 1.661422276066132575e+00 5.048975613395779050e+00 1.736068169864237287e+00 4.111200000000000188e+01 4.467000000000000171e+01 3.494999999999999574e+01 4.086999999999999744e+01
3.986586958883164833e+00 1.656827514167449111e+00 4.802897951877637794e+00 1.733087496626306345e+00 4.123400000000000176e+01 4.484199999999999875e+01 3.600999999999999801e+01 4.122999999999999687e+01
3.995907100007119350e+00 1.661644947203935407e+00 4.726601655151927872e+00 1.734354282550105486e+00 4.111599999999999966e+01 4.471200000000000330e+01 3.684000000000000341e+01 4.078000000000000114e+01
4.026944792184137256e+00 1.663474306843987671e+00 4.974126543569950876e+00 1.733949616939994831e+00 4.097800000000000153e+01 4.439800000000000324e+01 3.542000000000000171e+01 4.075000000000000000e+01
4.030930032868020874e+00 1.657603532530991242e+00 4.888854612606102990e+00 1.732904235980845531e+00 4.133800000000000097e+01 4.474799999999999756e+01 3.535999999999999943e+01 4.112000000000000455e+01
4.030988685237339553e+00 1.663562345085800143e+00 4.787512597819396198e+00 1.735174480679812614e+00 4.099000000000000199e+01 4.435000000000000142e+01 3.644999999999999574e+01 4.089000000000000057e+01
3.984471586878084004e+00 1.661709780093029387e+00 4.721173636862418199e+00 1.736622388616572366e+00 4.138799999999999812e+01 4.471800000000000352e+01 3.767999999999999972e+01 4.103000000000000114e+01
3.986500880551350878e+00 1.663895024332608719e+00 4.733727469919873698e+00 1.732347569271597054e+00 4.135600000000000165e+01 4.435999999999999943e+01 3.695000000000000284e+01 4.132999999999999829e+01
3.973755477480057863e+00 1.666474283629867159e+00 5.009894243471729069e+00 1.738963094772980611e+00 4.124600000000000222e+01 4.500399999999999778e+01 3.482999999999999829e+01 4.086999999999999744e+01
3.982057889224993374e+00 1.668803618388794652e+00 4.924212654667248223e+00 1.735031898772533721e+00 4.121800000000000352e+01 4.483800000000000097e+01 3.537000000000000455e+01 4.099000000000000199e+01
4.004259633477288638e+00 1.654581563488994433e+00 4.861290294638327403e+00 1.736731330130294459e+00 4.134000000000000341e+01 4.523599999999999710e+01 3.630999999999999517e+01 4.082000000000000028e+01
4.004607327027531305e+00 1.661792870972392144e+00 4.945404486630297747e+00 1.737050199391679595e+00 4.117799999999999727e+01 4.473400000000000176e+01 3.621999999999999886e+01 4.075000000000000000e+01
4.032424658163238362e+00 1.666666147927927666e+00 4.839205587557191990e+00 1.735037750771131204e+00 4.109199999999999875e+01 4.453799999999999670e+01 3.781000000000000227e+01 4.089000000000000057e+01
4.033593571196552929e+00 1.655484741923310743e+00 4.748752849688275823e+00 1.739550531530265731e+00 4.071600000000000108e+01 4.489399999999999835e+01 3.687000000000000455e+01 4.039000000000000057e+01
3.966426763078862106e+00 1.658856556273811123e+00 4.746469862305726650e+00 1.738242183636562244e+00 4.131400000000000006e+01 4.497599999999999909e+01 3.798000000000000398e+01 4.116000000000000369e+01
3.978440675225653145e+00 1.661620691230425662e+00 4.780759259177838949e+00 1.734713475498861568e+00 4.114000000000000057e+01 4.480400000000000205e+01 3.743999999999999773e+01 4.121999999999999886e+01
4.002050745991237335e+00 1.654737925940412246e+00 4.729031641464318980e+00 1.735938597658068572e+00 4.131799999999999784e+01 4.537800000000000011e+01 3.642000000000000171e+01 4.103999999999999915e+01
3.951953602629790119e+00 1.667109471953293953e+00 4.830756573405990295e+00 1.734115043652934229e+00 4.163400000000000034e+01 4.462599999999999767e+01 3.562000000000000455e+01 4.114999999999999858e+01
3.995962772363464754e+00 1.658978242294955940e+00 4.868683208394501527e+00 1.739101339181015060e+00 4.146999999999999886e+01 4.486800000000000210e+01 3.564000000000000057e+01 4.089000000000000057e+01
4.022669772460262472e+00 1.655600280206808828e+00 5.009911911839821208e+00 1.736582679009696095e+00 4.096200000000000330e+01 4.518800000000000239e+01 3.574000000000000199e+01 4.077000000000000313e+01
3.992892179371105854e+00 1.656324515874980863e+00 4.838742836634589040e+00 1.740427659338362965e+00 4.107999999999999829e+01 4.503799999999999670e+01 3.639999999999999858e+01 4.050000000000000000e+01
4.016870903164297957e+00 1.661745782842274366e+00 4.762666728175227959e+00 1.735797162153925877e+00 4.122599999999999909e+01 4.455199999999999960e+01 3.703999999999999915e+01 4.089999999999999858e+01
4.022638825791056583e+00 1.672934128287136391e+00 4.849374328246498500e+00 1.735007883430362163e+00 4.121800000000000352e+01 4.433400000000000318e+01 3.589999999999999858e+01 4.114000000000000057e+01
3.985776090299486984e+00 1.661690001080294188e+00 4.783133056351712931e+00 1.735980488598349858e+00 4.142199999999999704e+01 4.485399999999999920e+01 3.684000000000000341e+01 4.096000000000000085e+01
3.985969849396560516e+00 1.669295310221126760e+00 4.861687116344010740e+00 1.737103532163866815e+00 4.156799999999999784e+01 4.472399999999999665e+01 3.709000000000000341e+01 4.093999999999999773e+01
3.968408784855783633e+00 1.661792482133989113e+00 4.716371145464465897e+00 1.735885083929480155e+00 4.115200000000000102e+01 4.476200000000000045e+01 3.828999999999999915e+01 4.091000000000000369e+01
4.011836786815504929e+00 1.661487164866849664e+00 5.080829589596417506e+00 1.747924419517852268e+00 4.108800000000000097e+01 4.457600000000000051e+01 3.393999999999999773e+01 4.043999999999999773e+01
4.000124898611728597e+00 1.656092309333599522e+00 4.897340089361780890e+00 1.738166073914537479e+00 4.112599999999999767e+01 4.481600000000000250e+01 3.535000000000000142e+01 4.101000000000000512e+01
3.981530936698089551e+00 1.662247721178661708e+00 4.838276885576354935e+00 1.738182120546217346e+00 4.147599999999999909e+01 4.524000000000000199e+01 3.625000000000000000e+01 4.078000000000000114e+01
3.970014832785315750e+00 1.660464292084056659e+00 4.724560192440038442e+00 1.737884289150697592e+00 4.138000000000000256e+01 4.474199999999999733e+01 3.743999999999999773e+01 4.118999999999999773e+01
3.977496424361069316e+00 1.658029289621918645e+00 4.881890549038049976e+00 1.735151072517535198e+00 4.153799999999999670e+01 4.498799999999999955e+01 3.624000000000000199e+01 4.092999999999999972e+01
3.972881548946397778e+00 1.664572267047685017e+00 4.961451441292509479e+00 1.737654645584735480e+00 4.160000000000000142e+01 4.472800000000000153e+01 3.629999999999999716e+01 4.050000000000000000e+01
4.013586652250430653e+00 1.659766569046212892e+00 4.957436497673109344e+00 1.734413597738625468e+00 4.095799999999999841e+01 4.513199999999999790e+01 3.475000000000000000e+01 4.117000000000000171e+01
3.985013510594304087e+00 1.670803798263281070e+00 5.000125745465999749e+00 1.736134250787278566e+00 4.163799999999999812e+01 4.434599999999999653e+01 3.420000000000000284e+01 4.126000000000000512e+01
3.987181001629637844e+00 1.659901779788879761e+00 5.003711735518085568e+00 1.742775760707442778e+00 4.119400000000000261e+01 4.485600000000000165e+01 3.442999999999999972e+01 4.088000000000000256e+01
3.993701805452874787e+00 1.649779363196119508e+00 4.834598422888958247e+00 1.738178774375708890e+00 4.114600000000000080e+01 4.485999999999999943e+01 3.653999999999999915e+01 4.122999999999999687e+01
4.032311875841223525e+00 1.662322581416342038e+00 4.928631816518299402e+00 1.736892639326838239e+00 4.070199999999999818e+01 4.499000000000000199e+01 3.554999999999999716e+01 4.099000000000000199e+01
3.971048641800558165e+00 1.662411655618433626e+00 4.871246137428675738e+00 1.736313265277660500e+00 4.137800000000000011e+01 4.473599999999999710e+01 3.562000000000000455e+01 4.109999999999999432e+01
4.020618712012158369e+00 1.657851454459180029e+00 4.747056510819615660e+00 1.737666591313796749e+00 4.111200000000000188e+01 4.530199999999999960e+01 3.733000000000000540e+01 4.078000000000000114e+01
4.017999987409425877e+00 1.656544525421135727e+00 5.153499974925353833e+00 1.736570316033955397e+00 4.112800000000000011e+01 4.489200000000000301e+01 3.406000000000000227e+01 4.141000000000000369e+01
4.017648760477913861e+00 1.662384771150745566e+00 4.871622716415551224e+00 1.736652952790760152e+00 4.141799999999999926e+01 4.490999999999999659e+01 3.714000000000000057e+01 4.132000000000000028e+01
4.015755516177505591e+00 1.659194788827416112e+00 4.852018257620859032e+00 1.742366935751400669e+00 4.162199999999999989e+01 4.468399999999999750e+01 3.653000000000000114e+01 4.061999999999999744e+01
4.010123456700031674e+00 1.656580417883600109e+00 4.803406865531286485e+00 1.738539409988738793e+00 4.117600000000000193e+01 4.497800000000000153e+01 3.680999999999999517e+01 4.096999999999999886e+01
4.001836687952340377e+00 1.664693991962671760e+00 4.845851505839827489e+00 1.741541456135369037e+00 4.118200000000000216e+01 4.461599999999999966e+01 3.503000000000000114e+01 4.033999999999999631e+01
3.992548106905188909e+00 1.658268350276621117e+00 4.997732980512404666e+00 1.738537136834567232e+00 4.108400000000000318e+01 4.470199999999999818e+01 3.386999999999999744e+01 4.078000000000000114e+01
3.999120572610725066e+00 1.660920912213425193e+00 4.953971469067879774e+00 1.739536380748046174e+00 4.137599999999999767e+01 4.477199999999999847e+01 3.557000000000000028e+01 4.117999999999999972e+01
4.028445714596228910e+00 1.658650872468744542e+00 4.875300032539985118e+00 1.741772558915589242e+00 4.115800000000000125e+01 4.476400000000000290e+01 3.573000000000000398e+01 4.067000000000000171e+01
3.948440544084424797e+00 1.674123695272467183e+00 4.981230800925046331e+00 1.739815209169151000e+00 4.142399999999999949e+01 4.446399999999999864e+01 3.426000000000000512e+01 4.075000000000000000e+01
3.986272291120262601e+00 1.662792234900704491e+00 4.932042578539885369e+00 1.736260868859629047e+00 4.106000000000000227e+01 4.498199999999999932e+01 3.492000000000000171e+01 4.085999999999999943e+01
4.026820278636151329e+00 1.656430768676188992e+00 4.784704733528811538e+00 1.737078710889405686e+00 4.100399999999999778e+01 4.485999999999999943e+01 3.738000000000000256e+01 4.116000000000000369e+01
3.966663105109517140e+00 1.661873761609293787e+00 5.029586302149101407e+00 1.736592370554528753e+00 4.172800000000000153e+01 4.460999999999999943e+01 3.518999999999999773e+01 4.117000000000000171e+01
4.005848154367060765e+00 1.667105956174418369e+00 4.784504091329577768e+00 1.735224765808816905e+00 4.125399999999999778e+01 4.445199999999999818e+01 3.740999999999999659e+01 4.104999999999999716e+01
3.997659521894677770e+00 1.664199987785767387e+00 4.824354905289998108e+00 1.737158746134241927e+00 4.133599999999999852e+01 4.457999999999999829e+01 3.637000000000000455e+01 4.084999999999999432e+01
3.963652593352775977e+00 1.660814544979436480e+00 5.148037833434952582e+00 1.736466972224779637e+00 4.170199999999999818e+01 4.478000000000000114e+01 3.350000000000000000e+01 4.073999999999999488e+01
4.001906103169690532e+00 1.665932007119824254e+00 4.735905527875860166e+00 1.738569450413719464e+00 4.132200000000000273e+01 4.453399999999999892e+01 3.724000000000000199e+01 4.108999999999999631e+01
4.042843666773261013e+00 1.659157373168631988e+00 4.747181636478339684e+00 1.742434399481915586e+00 4.094200000000000017e+01 4.499199999999999733e+01 3.721999999999999886e+01 4.103000000000000114e+01
3.947124731267992903e+00 1.664988769062663021e+00 4.802857108091654226e+00 1.737716164587415069e+00 4.145600000000000307e+01 4.464200000000000301e+01 3.703000000000000114e+01 4.094999999999999574e+01
3.986007850899317972e+00 1.663900954096164231e+00 4.868596134631339112e+00 1.741435234305273250e+00 4.168800000000000239e+01 4.459799999999999898e+01 3.585000000000000142e+01 4.040000000000000568e+01
3.998605853156126155e+00 1.671588446954760609e+00 4.923420173664498023e+00 1.736501318759675172e+00 4.138400000000000034e+01 4.433599999999999852e+01 3.549000000000000199e+01 4.057999999999999829e+01
3.964300952270213063e+00 1.659391464305807196e+00 4.895582772150345541e+00 1.737750075297401553e+00 4.134599999999999653e+01 4.484000000000000341e+01 3.621000000000000085e+01 4.078000000000000114e+01
3.966641537062590483e+00 1.660237415635296587e+00 4.975812856905051262e+00 1.737393116168180152e+00 4.177400000000000091e+01 4.495000000000000284e+01 3.553999999999999915e+01 4.067999999999999972e+01
3.990109136596166728e+00 1.663933866958658081e+00 4.992441194797341275e+00 1.742946058009738008e+00 4.121800000000000352e+01 4.465400000000000347e+01 3.632000000000000028e+01 4.048999999999999488e+01
3.986064317482227448e+00 1.659457784398876701e+00 4.916821420710189905e+00 1.737706275569905534e+00 4.172200000000000131e+01 4.496999999999999886e+01 3.657999999999999829e+01 4.078000000000000114e+01
3.995250117454547389e+00 1.661237265462431889e+00 5.020681520221970118e+00 1.740543016324295422e+00 4.131400000000000006e+01 4.535000000000000142e+01 3.506000000000000227e+01 4.042999999999999972e+01
3.990678562205272062e+00 1.660485777129492524e+00 5.260389664883057037e+00 1.741303637570511542e+00 4.137800000000000011e+01 4.489600000000000080e+01 3.196000000000000085e+01 4.060999999999999943e+01
4.002040397377709446e+00 1.665551707926488989e+00 4.869402388641597135e+00 1.740772035691068975e+00 4.143999999999999773e+01 4.461599999999999966e+01 3.532000000000000028e+01 4.061999999999999744e+01
3.990036364100584709e+00 1.659850383928553663e+00 4.730201060213873987e+00 1.738532034554194139e+00 4.080199999999999960e+01 4.501599999999999824e+01 3.750999999999999801e+01 4.139999999999999858e+01
4.006988793994506359e+00 1.661005733540594775e+00 4.735752744855925123e+00 1.740397179747741330e+00 4.153600000000000136e+01 4.478799999999999670e+01 3.700999999999999801e+01 4.038000000000000256e+01
4.024270311887046425e+00 1.662946152866918270e+00 4.812697747985025032e+00 1.744164069615494528e+00 4.094599999999999795e+01 4.458200000000000074e+01 3.728999999999999915e+01 4.046999999999999886e+01
3.955430823645104343e+00 1.662557092060803043e+00 4.988737710748910814e+00 1.737345016813049092e+00 4.147200000000000131e+01 4.480799999999999983e+01 3.614000000000000057e+01 4.114000000000000057e+01
3.999727011136601451e+00 1.659230091659325668e+00 4.735392820290023508e+00 1.736931317532666386e+00 4.107600000000000051e+01 4.489200000000000301e+01 3.811999999999999744e+01 4.092000000000000171e+01
3.991038161816825358e+00 1.661413043710022519e+00 4.783521631034711064e+00 1.743645829900222211e+00 4.136599999999999966e+01 4.502000000000000313e+01 3.696999999999999886e+01 4.077000000000000313e+01
4.009777607272524413e+00 1.664061105302893084e+00 4.793106767722347783e+00 1.740486983462068427e+00 4.134199999999999875e+01 4.508400000000000318e+01 3.653999999999999915e+01 4.073999999999999488e+01
4.019731973129936797e+00 1.667925866581584815e+00 4.835868680051892632e+00 1.738956498776823123e+00 4.099399999999999977e+01 4.429999999999999716e+01 3.590999999999999659e+01 4.085999999999999943e+01
3.976677513504585537e+00 1.660117078020987957e+00 4.742402758697729759e+00 1.740478150732509333e+00 4.120600000000000307e+01 4.494599999999999795e+01 3.792000000000000171e+01 4.091000000000000369e+01
3.988254692834727333e+00 1.654772257481654130e+00 4.743834063088062436e+00 1.737661327367545638e+00 4.152199999999999847e+01 4.538799999999999812e+01 3.725000000000000000e+01 4.100000000000000000e+01
4.044850732228455925e+00 1.663010331016201881e+00 4.811166742325524659e+00 1.741355812603402109e+00 4.053199999999999648e+01 4.460000000000000142e+01 3.695000000000000284e+01 4.094999999999999574e+01
4.028526943917628778e+00 1.659809815209942530e+00 4.870724834920133972e+00 1.736022619060272776e+00 4.083400000000000318e+01 4.500600000000000023e+01 3.619999999999999574e+01 4.125000000000000000e+01
4.023001369779707126e+00 1.650175971399734154e+00 4.883678602414443404e+00 1.744164463439362045e+00 4.080799999999999983e+01 4.522999999999999687e+01 3.604999999999999716e+01 4.052000000000000313e+01
3.969924972400034502e+00 1.657758516191013998e+00 4.909467659889510394e+00 1.739818207326557342e+00 4.102000000000000313e+01 4.488600000000000279e+01 3.646000000000000085e+01 4.069999999999999574e+01
4.021682169951994901e+00 1.652330505025664920e+00 4.969281398087798785e+00 1.737346630012470916e+00 4.116199999999999903e+01 4.573799999999999955e+01 3.533999999999999631e+01 4.078000000000000114e+01
4.002228076771753962e+00 1.658618485321115443e+00 4.857290429546305965e+00 1.738314006746018991e+00 4.105799999999999983e+01 4.491799999999999926e+01 3.671000000000000085e+01 4.084999999999999432e+01
4.023160498909794214e+00 1.651581078380997214e+00 4.781124681610039673e+00 1.742457190181554649e+00 4.076400000000000290e+01 4.528799999999999670e+01 3.653999999999999915e+01 4.058999999999999631e+01
3.972309385963340045e+00 1.659629710055494867e+00 5.026619261482088596e+00 1.735309029228427669e+00 4.163199999999999790e+01 4.463799999999999812e+01 3.494999999999999574e+01 4.104999999999999716e+01
3.982360063687989005e+00 1.661142138286372916e+00 4.861073008196213685e+00 1.738786925327022503e+00 4.135999999999999943e+01 4.487599999999999767e+01 3.587000000000000455e+01 4.083999999999999631e+01
3.999849595529664903e+00 1.658806080922164750e+00 5.067645105702540675e+00 1.741457830820157815e+00 4.139999999999999858e+01 4.491799999999999926e+01 3.478999999999999915e+01 4.045000000000000284e+01
3.943698789446274500e+00 1.661195246778857992e+00 4.731186111307454034e+00 1.744519059071936162e+00 4.147999999999999687e+01 4.481600000000000250e+01 3.768999999999999773e+01 4.035000000000000142e+01
4.033289057653425935e+00 1.665982420371886707e+00 4.743095613270081223e+00 1.737707598630653605e+00 4.113000000000000256e+01 4.479999999999999716e+01 3.803999999999999915e+01 4.099000000000000199e+01
4.024159241881259952e+00 1.654286848441462565e+00 4.864595493457743558e+00 1.740542067884768507e+00 4.092399999999999949e+01 4.553199999999999648e+01 3.672000000000000597e+01 4.060000000000000142e+01
3.955025609951698939e+00 1.671480651030774922e+00 4.906220265175983641e+00 1.739898375012130183e+00 4.174399999999999977e+01 4.467399999999999949e+01 3.590999999999999659e+01 4.093999999999999773e+01
3.948628842715530496e+00 1.665106101545471784e+00 4.697075281980448658e+00 1.742458274855897216e+00 4.218200000000000216e+01 4.485199999999999676e+01 3.837999999999999545e+01 4.038000000000000256e+01
3.969729311194207355e+00 1.654774335374419314e+00 4.905329080676304798e+00 1.738618805065710093e+00 4.166400000000000148e+01 4.487800000000000011e+01 3.703000000000000114e+01 4.101000000000000512e+01
4.001341780957607064e+00 1.659434612832665135e+00 4.853134557430283103e+00 1.741068239495517034e+00 4.145799999999999841e+01 4.489999999999999858e+01 3.650999999999999801e+01 4.071000000000000085e+01
3.992608788545509935e+00 1.654458799047735518e+00 4.741024831519733418e+00 1.737256557523770173e+00 4.124799999999999756e+01 4.506799999999999784e+01 3.753000000000000114e+01 4.146000000000000085e+01
4.007287907678914962e+00 1.664583176776498474e+00 4.980775743477525275e+00 1.737880793487589726e+00 4.121600000000000108e+01 4.486999999999999744e+01 3.516000000000000369e+01 4.121000000000000085e+01
4.019021508372344620e+00 1.664950478499869213e+00 4.794661830778763623e+00 1.742098697767521021e+00 4.171200000000000330e+01 4.496800000000000352e+01 3.723000000000000398e+01 4.084999999999999432e+01
3.983902814986589380e+00 1.660870861740935123e+00 4.907771261506482574e+00 1.741152410394673833e+00 4.153999999999999915e+01 4.489600000000000080e+01 3.685999999999999943e+01 4.092000000000000171e+01
3.986984145026091664e+00 1.661637689445063515e+00 4.732650686966364262e+00 1.741885692721948153e+00 4.161599999999999966e+01 4.508599999999999852e+01 3.735000000000000142e+01 4.060999999999999943e+01
4.023852592562521480e+00 1.663151665534945201e+00 4.855638247960527565e+00 1.741783424854195461e+00 4.126800000000000068e+01 4.488000000000000256e+01 3.664999999999999858e+01 4.082999999999999829e+01
4.003664656696551027e+00 1.666658328592115712e+00 5.007856943589779952e+00 1.738267967550384485e+00 4.151200000000000045e+01 4.454599999999999937e+01 3.580999999999999517e+01 4.086999999999999744e+01
4.010489280358462416e+00 1.662000243472584682e+00 4.680132450970774904e+00 1.740222540079237490e+00 4.097399999999999665e+01 4.478799999999999670e+01 3.794000000000000483e+01 4.110999999999999943e+01
3.980679830474235459e+00 1.659440851723809507e+00 4.856051664292917458e+00 1.738463310439058329e+00 4.127799999999999869e+01 4.503000000000000114e+01 3.654999999999999716e+01 4.060000000000000142e+01
3.998664344887470357e+00 1.662788919904891083e+00 4.906880347364491968e+00 1.743363752707978387e+00 4.159400000000000119e+01 4.486800000000000210e+01 3.654999999999999716e+01 4.071999999999999886e+01
3.978510563126254951e+00 1.663359819242016924e+00 5.067464676277491975e+00 1.741562310505370359e+00 4.139600000000000080e+01 4.490800000000000125e+01 3.552000000000000313e+01 4.081000000000000227e+01
4.004168636878167931e+00 1.667144690169676036e+00 5.214128534822057404e+00 1.742789741581592722e+00 4.116799999999999926e+01 4.466199999999999903e+01 3.300000000000000000e+01 4.103999999999999915e+01
3.971725529641994434e+00 1.661791368306520633e+00 4.823987616547363189e+00 1.738089861241624234e+00 4.136599999999999966e+01 4.497200000000000131e+01 3.662000000000000455e+01 4.103000000000000114e+01
3.971604989449219580e+00 1.658962918021352539e+00 4.781987400994045068e+00 1.741317702168831749e+00 4.131199999999999761e+01 4.508200000000000074e+01 3.677000000000000313e+01 4.057999999999999829e+01
3.962605325414456647e+00 1.662470912939816747e+00 5.027962571805079328e+00 1.742338187845205777e+00 4.145199999999999818e+01 4.517600000000000193e+01 3.614000000000000057e+01 4.063000000000000256e+01
3.986563859410936050e+00 1.660837825946625212e+00 4.989924267040258599e+00 1.747578028937273542e+00 4.135000000000000142e+01 4.509799999999999898e+01 3.373999999999999488e+01 4.072999999999999687e+01
3.987441697996048529e+00 1.671283978517900559e+00 4.776766387111371692e+00 1.740096839177692090e+00 4.104800000000000182e+01 4.471399999999999864e+01 3.707000000000000028e+01 4.058999999999999631e+01
3.989190790572597400e+00 1.663940230429761691e+00 4.974601984360501383e+00 1.742777558351481071e+00 4.171999999999999886e+01 4.461599999999999966e+01 3.535000000000000142e+01 4.091000000000000369e+01
4.013311389684319330e+00 1.652417700038135040e+00 4.855396013651893661e+00 1.742196092253562423e+00 4.120400000000000063e+01 4.515999999999999659e+01 3.613000000000000256e+01 4.055000000000000426e+01
