3.359999954700469971e-01 3.067958593368530273e+00
3.601999878883361816e-01 2.950831890106201172e+00
3.729000091552734375e-01 2.888629198074340820e+00
3.815999925136566162e-01 2.846850156784057617e+00
3.840000033378601074e-01 2.815276622772216797e+00
3.912000060081481934e-01 2.788923978805541992e+00
3.907999992370605469e-01 2.768179893493652344e+00
3.950000107288360596e-01 2.748608589172363281e+00
3.950000107288360596e-01 2.732301950454711914e+00
4.005999863147735596e-01 2.717252492904663086e+00
3.962999880313873291e-01 2.703586339950561523e+00
3.978999853134155273e-01 2.689661741256713867e+00
3.989999890327453613e-01 2.677715539932250977e+00
3.977999985218048096e-01 2.666202545166015625e+00
4.002000093460083008e-01 2.655101299285888672e+00
4.027000069618225098e-01 2.643799304962158203e+00
3.964999914169311523e-01 2.634191513061523438e+00
4.047000110149383545e-01 2.623637676239013672e+00
4.047999978065490723e-01 2.613530397415161133e+00
4.066999852657318115e-01 2.603955745697021484e+00
4.036999940872192383e-01 2.594944238662719727e+00
4.072999954223632812e-01 2.585946559906005859e+00
4.068000018596649170e-01 2.576725244522094727e+00
4.056000113487243652e-01 2.567718267440795898e+00
4.083999991416931152e-01 2.559242486953735352e+00
4.023000001907348633e-01 2.551661014556884766e+00
4.079999923706054688e-01 2.543120384216308594e+00
4.074000120162963867e-01 2.534708261489868164e+00
4.102999866008758545e-01 2.525978088378906250e+00
4.070000052452087402e-01 2.520053863525390625e+00
4.059999883174896240e-01 2.512433290481567383e+00
4.092000126838684082e-01 2.504140615463256836e+00
4.081999957561492920e-01 2.498199462890625000e+00
4.102999866008758545e-01 2.490885019302368164e+00
4.093999862670898438e-01 2.483210802078247070e+00
4.074999988079071045e-01 2.477014541625976562e+00
4.097999930381774902e-01 2.469542980194091797e+00
4.115999937057495117e-01 2.462414026260375977e+00
4.108999967575073242e-01 2.456475019454956055e+00
4.092999994754791260e-01 2.450406789779663086e+00
4.126999974250793457e-01 2.444593667984008789e+00
4.135999977588653564e-01 2.439016580581665039e+00
4.122000038623809814e-01 2.432501554489135742e+00
4.124999940395355225e-01 2.425640106201171875e+00
4.129999876022338867e-01 2.421118736267089844e+00
4.131999909877777100e-01 2.414690256118774414e+00
4.135999977588653564e-01 2.408948898315429688e+00
4.153999984264373779e-01 2.403632164001464844e+00
4.140999913215637207e-01 2.397918701171875000e+00
4.124999940395355225e-01 2.392764568328857422e+00
4.146000146865844727e-01 2.387418508529663086e+00
4.147000014781951904e-01 2.382776260375976562e+00
4.165000021457672119e-01 2.375894784927368164e+00
4.169999957084655762e-01 2.370635032653808594e+00
4.180999994277954102e-01 2.365913391113281250e+00
4.167999923229217529e-01 2.361602544784545898e+00
4.135999977588653564e-01 2.356839656829833984e+00
4.187000095844268799e-01 2.352939367294311523e+00
4.210000038146972656e-01 2.346560239791870117e+00
4.185000061988830566e-01 2.343433618545532227e+00
4.223999977111816406e-01 2.338282346725463867e+00
4.174999892711639404e-01 2.334514379501342773e+00
4.183999896049499512e-01 2.330239295959472656e+00
4.172999858856201172e-01 2.325510978698730469e+00
4.201999902725219727e-01 2.322168350219726562e+00
4.196000099182128906e-01 2.317300558090209961e+00
4.208999872207641602e-01 2.312281847000122070e+00
4.205000102519989014e-01 2.309362173080444336e+00
4.212999939918518066e-01 2.305725812911987305e+00
4.214999973773956299e-01 2.301467418670654297e+00
4.214000105857849121e-01 2.298064231872558594e+00
4.225000143051147461e-01 2.292652606964111328e+00
4.212999939918518066e-01 2.290758132934570312e+00
4.214000105857849121e-01 2.286656141281127930e+00
4.230999946594238281e-01 2.282022714614868164e+00
4.232999980449676514e-01 2.278861761093139648e+00
4.214000105857849121e-01 2.274548292160034180e+00
4.221999943256378174e-01 2.271269798278808594e+00
4.230000078678131104e-01 2.269660234451293945e+00
4.219000041484832764e-01 2.264947175979614258e+00
4.232999980449676514e-01 2.262558698654174805e+00
4.194999933242797852e-01 2.259638071060180664e+00
4.241999983787536621e-01 2.256362438201904297e+00
4.242999851703643799e-01 2.252416610717773438e+00
4.226000010967254639e-01 2.248313665390014648e+00
4.275999963283538818e-01 2.244868278503417969e+00
4.284000098705291748e-01 2.243244409561157227e+00
4.273000061511993408e-01 2.238532543182373047e+00
4.275000095367431641e-01 2.236509084701538086e+00
4.289000034332275391e-01 2.234423398971557617e+00
4.271000027656555176e-01 2.230254173278808594e+00
4.268000125885009766e-01 2.227026462554931641e+00
4.259000122547149658e-01 2.225531578063964844e+00
4.268999993801116943e-01 2.220445156097412109e+00
4.237999916076660156e-01 2.218410015106201172e+00
4.284000098705291748e-01 2.216283321380615234e+00
4.280999898910522461e-01 2.214927434921264648e+00
4.250000119209289551e-01 2.211321592330932617e+00
4.314999878406524658e-01 2.207210063934326172e+00
4.309000074863433838e-01 2.204456806182861328e+00
4.305999875068664551e-01 2.201395988464355469e+00
4.313000142574310303e-01 2.199167013168334961e+00
4.314999878406524658e-01 2.196422338485717773e+00
4.363000094890594482e-01 2.193193197250366211e+00
4.348999857902526855e-01 2.192377567291259766e+00
4.325000047683715820e-01 2.188531398773193359e+00
4.305999875068664551e-01 2.186772108078002930e+00
4.320000112056732178e-01 2.184940814971923828e+00
4.361999928951263428e-01 2.181813955307006836e+00
4.327000081539154053e-01 2.181918144226074219e+00
4.329000115394592285e-01 2.178604125976562500e+00
4.361000061035156250e-01 2.175421476364135742e+00
4.348999857902526855e-01 2.171715736389160156e+00
4.329000115394592285e-01 2.173309803009033203e+00
4.334000051021575928e-01 2.171416044235229492e+00
4.341999888420104980e-01 2.165961742401123047e+00
4.370000064373016357e-01 2.164511442184448242e+00
4.374000132083892822e-01 2.162429332733154297e+00
4.361000061035156250e-01 2.159984827041625977e+00
4.361999928951263428e-01 2.158106327056884766e+00
4.354000091552734375e-01 2.155783176422119141e+00
4.372000098228454590e-01 2.154291868209838867e+00
4.356000125408172607e-01 2.152270078659057617e+00
4.388000071048736572e-01 2.150189876556396484e+00
4.401000142097473145e-01 2.148530721664428711e+00
4.401000142097473145e-01 2.145076751708984375e+00
4.370000064373016357e-01 2.146381378173828125e+00
4.410000145435333252e-01 2.142368078231811523e+00
4.427999854087829590e-01 2.139166355133056641e+00
4.401000142097473145e-01 2.139019250869750977e+00
4.426000118255615234e-01 2.135250329971313477e+00
4.436999857425689697e-01 2.133543729782104492e+00
4.433999955654144287e-01 2.132861137390136719e+00
4.424000084400177002e-01 2.131313562393188477e+00
4.426999986171722412e-01 2.128814697265625000e+00
4.406999945640563965e-01 2.130423307418823242e+00
4.417000114917755127e-01 2.124897956848144531e+00
4.440000057220458984e-01 2.123296260833740234e+00
4.454999864101409912e-01 2.122349262237548828e+00
4.447999894618988037e-01 2.120816707611083984e+00
4.427999854087829590e-01 2.120299339294433594e+00
4.438000023365020752e-01 2.118670463562011719e+00
4.440000057220458984e-01 2.116717815399169922e+00
4.485999941825866699e-01 2.114625930786132812e+00
4.431000053882598877e-01 2.114855289459228516e+00
4.483000040054321289e-01 2.111369609832763672e+00
4.478000104427337646e-01 2.108831167221069336e+00
4.458999931812286377e-01 2.109072685241699219e+00
4.494999945163726807e-01 2.108604907989501953e+00
4.483000040054321289e-01 2.105797767639160156e+00
4.507000148296356201e-01 2.103983163833618164e+00
4.501999914646148682e-01 2.102005243301391602e+00
4.467000067234039307e-01 2.101237773895263672e+00
4.480000138282775879e-01 2.100119113922119141e+00
4.498000144958496094e-01 2.098819971084594727e+00
4.507000148296356201e-01 2.096709251403808594e+00
4.508999884128570557e-01 2.094506025314331055e+00
4.485999941825866699e-01 2.095300674438476562e+00
4.521000087261199951e-01 2.095514774322509766e+00
4.523000121116638184e-01 2.091408014297485352e+00
4.521000087261199951e-01 2.090446472167968750e+00
4.535000026226043701e-01 2.090317487716674805e+00
4.535000026226043701e-01 2.087385892868041992e+00
4.514000117778778076e-01 2.086151361465454102e+00
4.521999955177307129e-01 2.085082530975341797e+00
4.519000053405761719e-01 2.083042860031127930e+00
4.532999992370605469e-01 2.082757234573364258e+00
4.584999978542327881e-01 2.080564975738525391e+00
4.566000103950500488e-01 2.081153869628906250e+00
4.512999951839447021e-01 2.080512762069702148e+00
4.550000131130218506e-01 2.077116012573242188e+00
4.566000103950500488e-01 2.076132059097290039e+00
4.566999971866607666e-01 2.075974225997924805e+00
4.526000022888183594e-01 2.073783159255981445e+00
4.586000144481658936e-01 2.072864294052124023e+00
4.580999910831451416e-01 2.072158098220825195e+00
4.587000012397766113e-01 2.069849491119384766e+00
4.589999914169311523e-01 2.068884372711181641e+00
4.555000066757202148e-01 2.070204973220825195e+00
4.593000113964080811e-01 2.066859483718872070e+00
4.584999978542327881e-01 2.066426515579223633e+00
4.602000117301940918e-01 2.065184831619262695e+00
4.577000141143798828e-01 2.063605546951293945e+00
4.616000056266784668e-01 2.062549829483032227e+00
4.584000110626220703e-01 2.062561035156250000e+00
4.553999900817871094e-01 2.062306404113769531e+00
4.596999883651733398e-01 2.060166120529174805e+00
4.620999991893768311e-01 2.059466123580932617e+00
4.598000049591064453e-01 2.060689926147460938e+00
4.634000062942504883e-01 2.057462692260742188e+00
4.618999958038330078e-01 2.058541297912597656e+00
4.652000069618225098e-01 2.054937362670898438e+00
4.600000083446502686e-01 2.056002616882324219e+00
4.600999951362609863e-01 2.055350065231323242e+00
4.666999876499176025e-01 2.051174163818359375e+00
4.643999934196472168e-01 2.052336215972900391e+00
4.609000086784362793e-01 2.052116632461547852e+00
4.600999951362609863e-01 2.052415132522583008e+00
4.627000093460083008e-01 2.050729990005493164e+00
4.632999897003173828e-01 2.047382354736328125e+00
4.616000056266784668e-01 2.050508499145507812e+00
4.623999893665313721e-01 2.047636508941650391e+00
4.645999968051910400e-01 2.045994758605957031e+00
4.641999900341033936e-01 2.045064449310302734e+00
4.641999900341033936e-01 2.044538021087646484e+00
4.641000032424926758e-01 2.043191671371459961e+00
4.639999866485595703e-01 2.043804645538330078e+00
4.697000086307525635e-01 2.043068647384643555e+00
4.650000035762786865e-01 2.040663242340087891e+00
4.641999900341033936e-01 2.041882514953613281e+00
4.638000130653381348e-01 2.041465520858764648e+00
4.657000005245208740e-01 2.037680864334106445e+00
4.661999940872192383e-01 2.038064956665039062e+00
4.648999869823455811e-01 2.037669420242309570e+00
4.643999934196472168e-01 2.037765502929687500e+00
4.648999869823455811e-01 2.037164926528930664e+00
4.665000140666961670e-01 2.034190177917480469e+00
4.638999998569488525e-01 2.035300254821777344e+00
4.661000072956085205e-01 2.035492897033691406e+00
4.665000140666961670e-01 2.033125877380371094e+00
4.661999940872192383e-01 2.031812667846679688e+00
4.690000116825103760e-01 2.033136606216430664e+00
4.693999886512756348e-01 2.031908988952636719e+00
4.683000147342681885e-01 2.030610561370849609e+00
4.695000052452087402e-01 2.030026197433471680e+00
4.672000110149383545e-01 2.028871297836303711e+00
4.684999883174896240e-01 2.029643058776855469e+00
4.693999886512756348e-01 2.027419805526733398e+00
4.711000025272369385e-01 2.027292966842651367e+00
4.675999879837036133e-01 2.026833534240722656e+00
4.709999859333038330e-01 2.027347803115844727e+00
4.715000092983245850e-01 2.025903224945068359e+00
4.717999994754791260e-01 2.023971080780029297e+00
4.733000099658966064e-01 2.023289203643798828e+00
4.683000147342681885e-01 2.026085853576660156e+00
4.726999998092651367e-01 2.023206472396850586e+00
4.699000120162963867e-01 2.025084733963012695e+00
4.738000035285949707e-01 2.020859479904174805e+00
4.720000028610229492e-01 2.020670652389526367e+00
4.713999927043914795e-01 2.020866870880126953e+00
4.677999913692474365e-01 2.023907899856567383e+00
4.709999859333038330e-01 2.019176244735717773e+00
4.670999944210052490e-01 2.022115707397460938e+00
4.738000035285949707e-01 2.018358945846557617e+00
4.711000025272369385e-01 2.020460605621337891e+00
4.727999866008758545e-01 2.019026279449462891e+00
4.695000052452087402e-01 2.019945383071899414e+00
4.751000106334686279e-01 2.016725301742553711e+00
4.731999933719635010e-01 2.015718460083007812e+00
4.765000045299530029e-01 2.014597177505493164e+00
4.749999940395355225e-01 2.014963388442993164e+00
4.726999998092651367e-01 2.017699718475341797e+00
4.742000102996826172e-01 2.015106916427612305e+00
4.740999937057495117e-01 2.014106750488281250e+00
4.713000059127807617e-01 2.016745328903198242e+00
4.745000004768371582e-01 2.012575864791870117e+00
4.774000048637390137e-01 2.014668464660644531e+00
4.742999970912933350e-01 2.012525796890258789e+00
4.756999909877777100e-01 2.011687517166137695e+00
4.751000106334686279e-01 2.011065721511840820e+00
4.749999940395355225e-01 2.010858535766601562e+00
4.747999906539916992e-01 2.011577606201171875e+00
4.783000051975250244e-01 2.010371923446655273e+00
4.718999862670898438e-01 2.008859634399414062e+00
4.760999977588653564e-01 2.009619951248168945e+00
4.749000072479248047e-01 2.011060476303100586e+00
4.758999943733215332e-01 2.009735822677612305e+00
4.774999916553497314e-01 2.009509801864624023e+00
4.742000102996826172e-01 2.008573770523071289e+00
4.751000106334686279e-01 2.008967638015747070e+00
4.762000143527984619e-01 2.006422996520996094e+00
4.783000051975250244e-01 2.006181716918945312e+00
4.756000041961669922e-01 2.008717060089111328e+00
4.754000008106231689e-01 2.009451389312744141e+00
4.760000109672546387e-01 2.005097150802612305e+00
4.790000021457672119e-01 2.005103111267089844e+00
4.799999892711639404e-01 2.003851413726806641e+00
4.785000085830688477e-01 2.004868268966674805e+00
4.808999896049499512e-01 2.004851341247558594e+00
4.758000075817108154e-01 2.003261566162109375e+00
4.762000143527984619e-01 2.003997802734375000e+00
4.760000109672546387e-01 2.005535125732421875e+00
4.769000113010406494e-01 2.006138324737548828e+00
4.792000055313110352e-01 2.001938343048095703e+00
4.787999987602233887e-01 2.003588676452636719e+00
4.801999926567077637e-01 2.001602649688720703e+00
4.808000028133392334e-01 2.000557184219360352e+00
4.763000011444091797e-01 2.001914262771606445e+00
4.810999929904937744e-01 2.002809286117553711e+00
4.756000041961669922e-01 2.002312421798706055e+00
4.790999889373779297e-01 2.001543998718261719e+00
4.771000146865844727e-01 2.000502824783325195e+00
4.801000058650970459e-01 2.000270605087280273e+00
4.812000095844268799e-01 1.997380614280700684e+00
4.788999855518341064e-01 1.999593973159790039e+00
4.801000058650970459e-01 1.997350335121154785e+00
4.799999892711639404e-01 1.999552965164184570e+00
4.753000140190124512e-01 2.000691175460815430e+00
4.799999892711639404e-01 1.998301029205322266e+00
4.806999862194061279e-01 1.999128341674804688e+00
4.826000034809112549e-01 1.997049450874328613e+00
4.787999987602233887e-01 1.997727513313293457e+00
4.772000014781951904e-01 2.000602722167968750e+00
4.788999855518341064e-01 1.998306274414062500e+00
4.819000065326690674e-01 1.996524810791015625e+00
4.803000092506408691e-01 1.996060729026794434e+00
4.824000000953674316e-01 1.997481822967529297e+00
4.817000031471252441e-01 1.996936559677124023e+00
4.814000129699707031e-01 1.995215177536010742e+00
4.812000095844268799e-01 1.995102882385253906e+00
4.812000095844268799e-01 1.995997071266174316e+00
4.824000000953674316e-01 1.995068311691284180e+00
4.808999896049499512e-01 1.996556043624877930e+00
4.812999963760375977e-01 1.994933843612670898e+00
4.806999862194061279e-01 1.993525147438049316e+00
4.801000058650970459e-01 1.994475603103637695e+00
4.794000089168548584e-01 1.996686100959777832e+00
4.810000061988830566e-01 1.992397665977478027e+00
4.769999980926513672e-01 1.997916579246520996e+00
4.817999899387359619e-01 1.992911100387573242e+00
4.814999997615814209e-01 1.992036700248718262e+00
4.823000133037567139e-01 1.992001175880432129e+00
4.796000123023986816e-01 1.993409752845764160e+00
4.787000119686126709e-01 1.993929743766784668e+00
4.769000113010406494e-01 1.996012330055236816e+00
4.799000024795532227e-01 1.991792559623718262e+00
4.765000045299530029e-01 1.994927167892456055e+00
4.774999916553497314e-01 1.992248296737670898e+00
4.828000068664550781e-01 1.992054104804992676e+00
4.814999997615814209e-01 1.992377400398254395e+00
4.819000065326690674e-01 1.990357995033264160e+00
4.783999919891357422e-01 1.993237495422363281e+00
4.808999896049499512e-01 1.991199851036071777e+00
4.814000129699707031e-01 1.992150187492370605e+00
4.771000146865844727e-01 1.994601607322692871e+00
4.833000004291534424e-01 1.989129066467285156e+00
4.812999963760375977e-01 1.990340232849121094e+00
4.810999929904937744e-01 1.991366267204284668e+00
4.851000010967254639e-01 1.987525939941406250e+00
4.794000089168548584e-01 1.991173267364501953e+00
4.803000092506408691e-01 1.989401817321777344e+00
4.808999896049499512e-01 1.991221904754638672e+00
4.819999933242797852e-01 1.988117218017578125e+00
4.814999997615814209e-01 1.988472819328308105e+00
4.808999896049499512e-01 1.990316152572631836e+00
4.821000099182128906e-01 1.988639116287231445e+00
4.824999868869781494e-01 1.989214897155761719e+00
4.805000126361846924e-01 1.989617347717285156e+00
4.801999926567077637e-01 1.988055706024169922e+00
4.803999960422515869e-01 1.991438031196594238e+00
4.799000024795532227e-01 1.989978313446044922e+00
4.767999947071075439e-01 1.992599368095397949e+00
4.812000095844268799e-01 1.988750576972961426e+00
4.826999902725219727e-01 1.989678144454956055e+00
4.812999963760375977e-01 1.990402340888977051e+00
4.828999936580657959e-01 1.986972451210021973e+00
4.812000095844268799e-01 1.988140821456909180e+00
4.823000133037567139e-01 1.986940026283264160e+00
4.817000031471252441e-01 1.987896323204040527e+00
4.837000072002410889e-01 1.987500548362731934e+00
4.833999872207641602e-01 1.986724972724914551e+00
4.817999899387359619e-01 1.986633062362670898e+00
4.808999896049499512e-01 1.987226366996765137e+00
4.848000109195709229e-01 1.985819578170776367e+00
4.817999899387359619e-01 1.987499594688415527e+00
4.814999997615814209e-01 1.987282037734985352e+00
4.842999875545501709e-01 1.987511873245239258e+00
4.819000065326690674e-01 1.985297799110412598e+00
4.783000051975250244e-01 1.989931821823120117e+00
4.837999939918518066e-01 1.985583186149597168e+00
4.821000099182128906e-01 1.986239075660705566e+00
4.790999889373779297e-01 1.987148284912109375e+00
4.839999973773956299e-01 1.987218976020812988e+00
4.812000095844268799e-01 1.987014055252075195e+00
4.830000102519989014e-01 1.986859798431396484e+00
4.821000099182128906e-01 1.987790584564208984e+00
4.819000065326690674e-01 1.986885547637939453e+00
4.826000034809112549e-01 1.985258221626281738e+00
4.855000078678131104e-01 1.985066413879394531e+00
4.794000089168548584e-01 1.987029314041137695e+00
4.857999980449676514e-01 1.984714984893798828e+00
4.810000061988830566e-01 1.986982583999633789e+00
4.844000041484832764e-01 1.983891248703002930e+00
4.878000020980834961e-01 1.984175443649291992e+00
4.869000017642974854e-01 1.986219882965087891e+00
4.833000004291534424e-01 1.985476732254028320e+00
4.826000034809112549e-01 1.986610770225524902e+00
4.808999896049499512e-01 1.986014008522033691e+00
4.853000044822692871e-01 1.983871340751647949e+00
4.790999889373779297e-01 1.985857605934143066e+00
4.817000031471252441e-01 1.986124753952026367e+00
4.797999858856201172e-01 1.987874627113342285e+00
4.844999909400939941e-01 1.986120343208312988e+00
4.837000072002410889e-01 1.985023260116577148e+00
4.841000139713287354e-01 1.985613465309143066e+00
4.824999868869781494e-01 1.985327482223510742e+00
4.839999973773956299e-01 1.985678553581237793e+00
4.853999912738800049e-01 1.986051917076110840e+00
4.824000000953674316e-01 1.987725734710693359e+00
4.837999939918518066e-01 1.985541224479675293e+00
4.830999970436096191e-01 1.985234737396240234e+00
4.833999872207641602e-01 1.985038876533508301e+00
4.794999957084655762e-01 1.988428711891174316e+00
4.819000065326690674e-01 1.986416935920715332e+00
4.817000031471252441e-01 1.985789656639099121e+00
4.810999929904937744e-01 1.984397292137145996e+00
4.817000031471252441e-01 1.985807657241821289e+00
4.853999912738800049e-01 1.985197663307189941e+00
4.835999906063079834e-01 1.983888030052185059e+00
4.826999902725219727e-01 1.988329291343688965e+00
4.810000061988830566e-01 1.985988140106201172e+00
4.803000092506408691e-01 1.984740018844604492e+00
4.832000136375427246e-01 1.984875559806823730e+00
4.871000051498413086e-01 1.986284375190734863e+00
4.841000139713287354e-01 1.984865427017211914e+00
4.833000004291534424e-01 1.988027691841125488e+00
4.821000099182128906e-01 1.986811876296997070e+00
4.817000031471252441e-01 1.984230279922485352e+00
4.819000065326690674e-01 1.986716270446777344e+00
4.823000133037567139e-01 1.986393928527832031e+00
4.814000129699707031e-01 1.985091209411621094e+00
4.853000044822692871e-01 1.983476996421813965e+00
4.828999936580657959e-01 1.985501408576965332e+00
4.796000123023986816e-01 1.987342000007629395e+00
4.801999926567077637e-01 1.986087679862976074e+00
4.839000105857849121e-01 1.985324978828430176e+00
4.839999973773956299e-01 1.985883831977844238e+00
4.821000099182128906e-01 1.984754323959350586e+00
4.839000105857849121e-01 1.984607577323913574e+00
4.850000143051147461e-01 1.984334707260131836e+00
4.826999902725219727e-01 1.984376192092895508e+00
4.819999933242797852e-01 1.987079739570617676e+00
4.812000095844268799e-01 1.986287832260131836e+00
4.823000133037567139e-01 1.984150528907775879e+00
4.801999926567077637e-01 1.985432863235473633e+00
4.821000099182128906e-01 1.986236095428466797e+00
4.790000021457672119e-01 1.985238909721374512e+00
4.821000099182128906e-01 1.986829638481140137e+00
4.835000038146972656e-01 1.984697103500366211e+00
4.821999967098236084e-01 1.986029863357543945e+00
4.796000123023986816e-01 1.985624194145202637e+00
4.832000136375427246e-01 1.984773993492126465e+00
4.790000021457672119e-01 1.990902900695800781e+00
4.846999943256378174e-01 1.984145283699035645e+00
4.839999973773956299e-01 1.986090064048767090e+00
4.810999929904937744e-01 1.986971855163574219e+00
4.830999970436096191e-01 1.985265612602233887e+00
4.833999872207641602e-01 1.985654115676879883e+00
4.846999943256378174e-01 1.986434221267700195e+00
4.790000021457672119e-01 1.987565279006958008e+00
4.819000065326690674e-01 1.986066222190856934e+00
4.790999889373779297e-01 1.988917827606201172e+00
4.891999959945678711e-01 1.986109137535095215e+00
4.826999902725219727e-01 1.986280083656311035e+00
4.850000143051147461e-01 1.985719084739685059e+00
4.792000055313110352e-01 1.988666176795959473e+00
4.805999994277954102e-01 1.987112522125244141e+00
4.833999872207641602e-01 1.985227108001708984e+00
4.832000136375427246e-01 1.985697865486145020e+00
4.803999960422515869e-01 1.990696430206298828e+00
4.833000004291534424e-01 1.985969901084899902e+00
4.796999990940093994e-01 1.987620711326599121e+00
4.817000031471252441e-01 1.988457083702087402e+00
4.860999882221221924e-01 1.985113501548767090e+00
4.837999939918518066e-01 1.988146662712097168e+00
4.837000072002410889e-01 1.984374403953552246e+00
4.837999939918518066e-01 1.988098621368408203e+00
4.853000044822692871e-01 1.986279845237731934e+00
4.846999943256378174e-01 1.985949754714965820e+00
4.819999933242797852e-01 1.987971901893615723e+00
4.783999919891357422e-01 1.989295363426208496e+00
4.862999916076660156e-01 1.986038088798522949e+00
4.851000010967254639e-01 1.989936947822570801e+00
4.828999936580657959e-01 1.987921714782714844e+00
4.823000133037567139e-01 1.985857605934143066e+00
4.815999865531921387e-01 1.987890243530273438e+00
4.846999943256378174e-01 1.986359953880310059e+00
4.857999980449676514e-01 1.984706401824951172e+00
4.815999865531921387e-01 1.987772464752197266e+00
4.837999939918518066e-01 1.987815618515014648e+00
4.790999889373779297e-01 1.987991571426391602e+00
4.833999872207641602e-01 1.988482475280761719e+00
4.842000007629394531e-01 1.986961126327514648e+00
4.805000126361846924e-01 1.988631486892700195e+00
4.860999882221221924e-01 1.990608930587768555e+00
4.844000041484832764e-01 1.988034009933471680e+00
4.817999899387359619e-01 1.989088892936706543e+00
4.842999875545501709e-01 1.990021824836730957e+00
4.817999899387359619e-01 1.991164803504943848e+00
4.848999977111816406e-01 1.987443923950195312e+00
4.814999997615814209e-01 1.991635560989379883e+00
4.833000004291534424e-01 1.988325953483581543e+00
4.848999977111816406e-01 1.986801385879516602e+00
4.828000068664550781e-01 1.987561941146850586e+00
4.821999967098236084e-01 1.989422082901000977e+00
4.839000105857849121e-01 1.989628314971923828e+00
4.812999963760375977e-01 1.990377545356750488e+00
4.841000139713287354e-01 1.989945292472839355e+00
4.805999994277954102e-01 1.993245840072631836e+00
4.848999977111816406e-01 1.989443182945251465e+00
