3.454999923706054688e-01 1.892275333404541016e+00
3.691999912261962891e-01 1.826714277267456055e+00
3.826999962329864502e-01 1.793431401252746582e+00
3.907999992370605469e-01 1.770604848861694336e+00
3.946000039577484131e-01 1.752683758735656738e+00
4.000000059604644775e-01 1.740234136581420898e+00
4.029000103473663330e-01 1.728345155715942383e+00
4.054000079631805420e-01 1.718975186347961426e+00
4.086000025272369385e-01 1.711066842079162598e+00
4.113999903202056885e-01 1.703680872917175293e+00
4.122999906539916992e-01 1.696019172668457031e+00
4.171999990940093994e-01 1.690096497535705566e+00
4.176999926567077637e-01 1.684012293815612793e+00
4.219000041484832764e-01 1.679850816726684570e+00
4.219999909400939941e-01 1.674095153808593750e+00
4.244000017642974854e-01 1.670634150505065918e+00
4.246000051498413086e-01 1.665194511413574219e+00
4.273000061511993408e-01 1.661878466606140137e+00
4.296000003814697266e-01 1.657658457756042480e+00
4.300999939441680908e-01 1.653465628623962402e+00
4.311000108718872070e-01 1.649939417839050293e+00
4.307999908924102783e-01 1.646947264671325684e+00
4.329999983310699463e-01 1.644290089607238770e+00
4.347000122070312500e-01 1.640606403350830078e+00
4.395999908447265625e-01 1.637964963912963867e+00
4.388999938964843750e-01 1.634359121322631836e+00
4.406999945640563965e-01 1.632449626922607422e+00
4.404000043869018555e-01 1.628682613372802734e+00
4.413999915122985840e-01 1.628571391105651855e+00
4.424999952316284180e-01 1.624624967575073242e+00
4.435999989509582520e-01 1.622003436088562012e+00
4.449999928474426270e-01 1.620144367218017578e+00
4.433999955654144287e-01 1.618093848228454590e+00
4.436999857425689697e-01 1.615162134170532227e+00
4.456999897956848145e-01 1.613290190696716309e+00
4.454999864101409912e-01 1.610406160354614258e+00
4.462000131607055664e-01 1.609403491020202637e+00
4.476999938488006592e-01 1.606995582580566406e+00
4.474999904632568359e-01 1.604774475097656250e+00
4.499999880790710449e-01 1.602538228034973145e+00
4.521999955177307129e-01 1.600275039672851562e+00
4.508000016212463379e-01 1.598924756050109863e+00
4.530999958515167236e-01 1.597485303878784180e+00
4.514999985694885254e-01 1.595474362373352051e+00
4.550000131130218506e-01 1.592922329902648926e+00
4.539999961853027344e-01 1.592903256416320801e+00
4.523999989032745361e-01 1.589954257011413574e+00
4.542999863624572754e-01 1.588213682174682617e+00
4.568000137805938721e-01 1.586255669593811035e+00
4.555999934673309326e-01 1.584916830062866211e+00
4.577000141143798828e-01 1.583414793014526367e+00
4.575000107288360596e-01 1.582282662391662598e+00
4.571000039577484131e-01 1.580453872680664062e+00
4.582999944686889648e-01 1.579906702041625977e+00
4.607000052928924561e-01 1.576731085777282715e+00
4.611000120639801025e-01 1.575480222702026367e+00
4.595000147819519043e-01 1.575379848480224609e+00
4.611000120639801025e-01 1.572717428207397461e+00
4.620000123977661133e-01 1.572270035743713379e+00
4.605000019073486328e-01 1.570992112159729004e+00
4.614000022411346436e-01 1.568936824798583984e+00
4.636999964714050293e-01 1.568667531013488770e+00
4.645000100135803223e-01 1.566687464714050293e+00
4.638999998569488525e-01 1.564471006393432617e+00
4.652000069618225098e-01 1.564831495285034180e+00
4.659999907016754150e-01 1.563619852066040039e+00
4.659999907016754150e-01 1.562950730323791504e+00
4.684999883174896240e-01 1.560878753662109375e+00
4.666999876499176025e-01 1.559591531753540039e+00
4.672999978065490723e-01 1.558799266815185547e+00
4.666000008583068848e-01 1.556769967079162598e+00
4.677999913692474365e-01 1.555590629577636719e+00
4.684999883174896240e-01 1.556123852729797363e+00
4.704000055789947510e-01 1.552683711051940918e+00
4.684999883174896240e-01 1.554652690887451172e+00
4.702000021934509277e-01 1.551587343215942383e+00
4.702999889850616455e-01 1.551281690597534180e+00
4.699999988079071045e-01 1.550703525543212891e+00
4.700999855995178223e-01 1.550474524497985840e+00
4.699999988079071045e-01 1.549610614776611328e+00
4.713999927043914795e-01 1.547369480133056641e+00
4.706000089645385742e-01 1.546091556549072266e+00
4.720999896526336670e-01 1.546399354934692383e+00
4.742999970912933350e-01 1.545025348663330078e+00
4.736000001430511475e-01 1.544364809989929199e+00
4.724000096321105957e-01 1.543316602706909180e+00
4.738999903202056885e-01 1.542792558670043945e+00
4.751000106334686279e-01 1.542126417160034180e+00
4.749000072479248047e-01 1.541272878646850586e+00
4.738999903202056885e-01 1.539641618728637695e+00
4.758999943733215332e-01 1.540680885314941406e+00
4.774999916553497314e-01 1.537846684455871582e+00
4.758999943733215332e-01 1.537695884704589844e+00
4.772000014781951904e-01 1.537185192108154297e+00
4.776999950408935547e-01 1.536860346794128418e+00
4.776000082492828369e-01 1.536810040473937988e+00
4.758999943733215332e-01 1.535511851310729980e+00
4.772000014781951904e-01 1.535293817520141602e+00
4.756000041961669922e-01 1.533864140510559082e+00
4.781000018119812012e-01 1.534061431884765625e+00
4.763999879360198975e-01 1.533137559890747070e+00
4.769999980926513672e-01 1.532204151153564453e+00
4.776999950408935547e-01 1.533614277839660645e+00
4.799000024795532227e-01 1.531230688095092773e+00
4.783999919891357422e-01 1.531944155693054199e+00
4.776000082492828369e-01 1.530832290649414062e+00
4.806999862194061279e-01 1.530159473419189453e+00
4.799999892711639404e-01 1.529332399368286133e+00
4.796999990940093994e-01 1.530650377273559570e+00
4.810999929904937744e-01 1.529121279716491699e+00
4.796999990940093994e-01 1.528992056846618652e+00
4.817000031471252441e-01 1.526826620101928711e+00
4.805999994277954102e-01 1.527083158493041992e+00
4.803999960422515869e-01 1.527514338493347168e+00
4.805000126361846924e-01 1.526746511459350586e+00
4.796999990940093994e-01 1.525962471961975098e+00
4.776999950408935547e-01 1.525601863861083984e+00
4.796000123023986816e-01 1.528584361076354980e+00
4.812000095844268799e-01 1.525821328163146973e+00
4.799999892711639404e-01 1.526027202606201172e+00
4.805000126361846924e-01 1.524170160293579102e+00
4.805000126361846924e-01 1.525949120521545410e+00
4.814000129699707031e-01 1.522379159927368164e+00
4.823000133037567139e-01 1.524950265884399414e+00
4.814999997615814209e-01 1.523065567016601562e+00
4.790999889373779297e-01 1.524212360382080078e+00
4.817000031471252441e-01 1.521552324295043945e+00
4.817000031471252441e-01 1.521232128143310547e+00
4.826000034809112549e-01 1.522339463233947754e+00
4.828999936580657959e-01 1.521066665649414062e+00
4.817999899387359619e-01 1.522358298301696777e+00
4.817000031471252441e-01 1.523689150810241699e+00
4.808000028133392334e-01 1.521844387054443359e+00
4.806999862194061279e-01 1.522157430648803711e+00
4.810999929904937744e-01 1.521542429924011230e+00
4.810000061988830566e-01 1.520935297012329102e+00
4.805999994277954102e-01 1.522019267082214355e+00
4.810000061988830566e-01 1.521875739097595215e+00
4.826999902725219727e-01 1.519584298133850098e+00
4.844000041484832764e-01 1.520333051681518555e+00
4.819999933242797852e-01 1.519672632217407227e+00
4.814000129699707031e-01 1.520070791244506836e+00
4.842000007629394531e-01 1.518827199935913086e+00
4.821999967098236084e-01 1.520409345626831055e+00
4.823000133037567139e-01 1.520191788673400879e+00
4.801999926567077637e-01 1.520774006843566895e+00
4.835000038146972656e-01 1.519878268241882324e+00
4.826999902725219727e-01 1.518914580345153809e+00
4.803000092506408691e-01 1.518623709678649902e+00
4.812000095844268799e-01 1.519719839096069336e+00
4.824000000953674316e-01 1.518702030181884766e+00
4.817000031471252441e-01 1.520328164100646973e+00
4.806999862194061279e-01 1.520541548728942871e+00
4.819000065326690674e-01 1.518503665924072266e+00
4.833000004291534424e-01 1.518104314804077148e+00
4.826999902725219727e-01 1.518298387527465820e+00
4.821000099182128906e-01 1.519413948059082031e+00
4.851000010967254639e-01 1.518924951553344727e+00
4.844000041484832764e-01 1.518641710281372070e+00
4.835999906063079834e-01 1.520227313041687012e+00
4.844000041484832764e-01 1.517348051071166992e+00
4.833000004291534424e-01 1.518677592277526855e+00
4.848999977111816406e-01 1.519937634468078613e+00
4.830999970436096191e-01 1.520294427871704102e+00
4.821000099182128906e-01 1.519679665565490723e+00
4.819000065326690674e-01 1.520630717277526855e+00
4.828000068664550781e-01 1.520697116851806641e+00
4.839999973773956299e-01 1.518171191215515137e+00
4.826000034809112549e-01 1.520420193672180176e+00
4.803999960422515869e-01 1.520701169967651367e+00
4.821000099182128906e-01 1.521507382392883301e+00
4.826999902725219727e-01 1.518810153007507324e+00
4.824000000953674316e-01 1.520478844642639160e+00
4.824999868869781494e-01 1.522677063941955566e+00
4.830000102519989014e-01 1.520323514938354492e+00
4.814000129699707031e-01 1.521399855613708496e+00
4.832000136375427246e-01 1.521681189537048340e+00
4.839000105857849121e-01 1.521247625350952148e+00
4.851999878883361816e-01 1.520492315292358398e+00
4.810999929904937744e-01 1.521760702133178711e+00
4.819999933242797852e-01 1.522272109985351562e+00
4.815999865531921387e-01 1.521802067756652832e+00
4.810999929904937744e-01 1.523960113525390625e+00
4.837999939918518066e-01 1.522676706314086914e+00
4.817000031471252441e-01 1.523088335990905762e+00
4.814000129699707031e-01 1.523142933845520020e+00
4.833999872207641602e-01 1.522759199142456055e+00
4.805000126361846924e-01 1.524885535240173340e+00
4.828999936580657959e-01 1.523487567901611328e+00
4.842000007629394531e-01 1.523723840713500977e+00
4.810999929904937744e-01 1.525036692619323730e+00
4.833999872207641602e-01 1.523862838745117188e+00
4.835999906063079834e-01 1.525350570678710938e+00
4.812000095844268799e-01 1.523978233337402344e+00
4.841000139713287354e-01 1.525953173637390137e+00
4.808000028133392334e-01 1.526255726814270020e+00
4.835999906063079834e-01 1.525718927383422852e+00
4.814999997615814209e-01 1.526842117309570312e+00
4.837999939918518066e-01 1.525942206382751465e+00
4.814000129699707031e-01 1.530341625213623047e+00
4.837000072002410889e-01 1.528965353965759277e+00
4.826999902725219727e-01 1.526504516601562500e+00
4.824999868869781494e-01 1.527998208999633789e+00
4.830999970436096191e-01 1.528526067733764648e+00
4.819000065326690674e-01 1.530132651329040527e+00
4.837000072002410889e-01 1.528941392898559570e+00
4.814999997615814209e-01 1.530386090278625488e+00
4.833999872207641602e-01 1.528301119804382324e+00
4.796999990940093994e-01 1.532557010650634766e+00
4.799999892711639404e-01 1.531672596931457520e+00
4.824999868869781494e-01 1.529438853263854980e+00
4.821999967098236084e-01 1.531756877899169922e+00
4.824000000953674316e-01 1.532460927963256836e+00
4.808999896049499512e-01 1.533337116241455078e+00
4.796000123023986816e-01 1.535319924354553223e+00
4.803999960422515869e-01 1.533143281936645508e+00
4.826000034809112549e-01 1.534300565719604492e+00
4.796000123023986816e-01 1.533789753913879395e+00
4.823000133037567139e-01 1.533048868179321289e+00
4.801999926567077637e-01 1.534448862075805664e+00
4.790000021457672119e-01 1.535278439521789551e+00
4.797999858856201172e-01 1.535695075988769531e+00
4.796000123023986816e-01 1.537736296653747559e+00
4.815999865531921387e-01 1.536015748977661133e+00
4.835999906063079834e-01 1.534825444221496582e+00
4.794999957084655762e-01 1.537598133087158203e+00
4.801999926567077637e-01 1.538202404975891113e+00
4.796999990940093994e-01 1.540628671646118164e+00
4.797999858856201172e-01 1.540575146675109863e+00
4.828000068664550781e-01 1.538791775703430176e+00
4.788999855518341064e-01 1.541001200675964355e+00
4.803000092506408691e-01 1.539989113807678223e+00
4.803999960422515869e-01 1.540625691413879395e+00
4.821000099182128906e-01 1.539676904678344727e+00
4.803999960422515869e-01 1.541527271270751953e+00
4.792999923229217529e-01 1.541567802429199219e+00
4.763000011444091797e-01 1.544442772865295410e+00
4.821999967098236084e-01 1.541636705398559570e+00
4.785000085830688477e-01 1.543569803237915039e+00
4.796999990940093994e-01 1.545446515083312988e+00
4.774999916553497314e-01 1.547874689102172852e+00
4.781999886035919189e-01 1.546854257583618164e+00
4.785999953746795654e-01 1.547044277191162109e+00
4.781000018119812012e-01 1.548710107803344727e+00
4.787999987602233887e-01 1.547585487365722656e+00
4.785999953746795654e-01 1.546044588088989258e+00
4.808000028133392334e-01 1.546325922012329102e+00
4.810999929904937744e-01 1.547357082366943359e+00
4.781000018119812012e-01 1.548006296157836914e+00
4.790999889373779297e-01 1.549977779388427734e+00
4.751000106334686279e-01 1.554158449172973633e+00
4.783000051975250244e-01 1.552384138107299805e+00
4.774000048637390137e-01 1.552990317344665527e+00
4.767999947071075439e-01 1.553712964057922363e+00
4.785000085830688477e-01 1.551362156867980957e+00
4.779999852180480957e-01 1.555310130119323730e+00
4.776000082492828369e-01 1.553674221038818359e+00
4.763999879360198975e-01 1.554222702980041504e+00
4.774000048637390137e-01 1.556090235710144043e+00
4.794999957084655762e-01 1.555747866630554199e+00
4.765999913215637207e-01 1.558309316635131836e+00
4.767000079154968262e-01 1.557654857635498047e+00
4.778000116348266602e-01 1.556990027427673340e+00
4.772000014781951904e-01 1.561090111732482910e+00
4.758000075817108154e-01 1.559344887733459473e+00
4.769000113010406494e-01 1.559229850769042969e+00
4.756000041961669922e-01 1.562641501426696777e+00
4.758999943733215332e-01 1.563000321388244629e+00
4.783999919891357422e-01 1.560861110687255859e+00
4.767999947071075439e-01 1.561779141426086426e+00
4.776000082492828369e-01 1.564279317855834961e+00
4.763000011444091797e-01 1.566182017326354980e+00
4.769000113010406494e-01 1.563559174537658691e+00
4.749999940395355225e-01 1.567268013954162598e+00
4.758000075817108154e-01 1.565524578094482422e+00
4.749000072479248047e-01 1.569080948829650879e+00
4.747000038623809814e-01 1.567684054374694824e+00
4.767999947071075439e-01 1.566791415214538574e+00
4.754999876022338867e-01 1.569491028785705566e+00
4.747000038623809814e-01 1.567678570747375488e+00
4.765999913215637207e-01 1.569026947021484375e+00
4.754999876022338867e-01 1.571159124374389648e+00
4.762000143527984619e-01 1.570563077926635742e+00
4.733000099658966064e-01 1.576152920722961426e+00
4.753000140190124512e-01 1.571411132812500000e+00
4.747999906539916992e-01 1.576412081718444824e+00
4.736000001430511475e-01 1.577294945716857910e+00
4.740999937057495117e-01 1.574088335037231445e+00
4.735000133514404297e-01 1.576068043708801270e+00
4.758999943733215332e-01 1.576908230781555176e+00
4.749999940395355225e-01 1.577417731285095215e+00
4.753000140190124512e-01 1.580563187599182129e+00
4.753000140190124512e-01 1.579802751541137695e+00
4.740000069141387939e-01 1.579883694648742676e+00
4.726999998092651367e-01 1.581078290939331055e+00
4.738000035285949707e-01 1.581548094749450684e+00
4.711000025272369385e-01 1.585067868232727051e+00
4.736000001430511475e-01 1.583663940429687500e+00
4.767999947071075439e-01 1.582747578620910645e+00
4.735000133514404297e-01 1.585162878036499023e+00
4.751999974250793457e-01 1.585144400596618652e+00
4.713000059127807617e-01 1.585118889808654785e+00
4.733000099658966064e-01 1.589289546012878418e+00
4.704000055789947510e-01 1.588945746421813965e+00
4.729000031948089600e-01 1.591557860374450684e+00
4.740999937057495117e-01 1.589556813240051270e+00
4.697000086307525635e-01 1.592970728874206543e+00
4.706000089645385742e-01 1.590757369995117188e+00
4.722000062465667725e-01 1.592957735061645508e+00
4.722999930381774902e-01 1.591812252998352051e+00
4.708999991416931152e-01 1.593774676322937012e+00
4.740000069141387939e-01 1.597339391708374023e+00
4.720999896526336670e-01 1.595832467079162598e+00
4.740000069141387939e-01 1.593232274055480957e+00
4.717000126838684082e-01 1.596615552902221680e+00
4.706000089645385742e-01 1.598477125167846680e+00
4.693000018596649170e-01 1.597732543945312500e+00
4.711000025272369385e-01 1.600348234176635742e+00
4.661000072956085205e-01 1.602757453918457031e+00
4.699999988079071045e-01 1.605109810829162598e+00
4.706000089645385742e-01 1.606522083282470703e+00
4.700999855995178223e-01 1.601873397827148438e+00
4.684999883174896240e-01 1.604047417640686035e+00
4.700999855995178223e-01 1.606624722480773926e+00
4.731000065803527832e-01 1.605461239814758301e+00
4.715000092983245850e-01 1.604598522186279297e+00
4.700999855995178223e-01 1.606993198394775391e+00
4.708999991416931152e-01 1.605329871177673340e+00
4.699999988079071045e-01 1.609676718711853027e+00
4.695000052452087402e-01 1.610132932662963867e+00
4.674000144004821777e-01 1.613617897033691406e+00
4.691999852657318115e-01 1.611357688903808594e+00
4.672999978065490723e-01 1.614223122596740723e+00
4.677000045776367188e-01 1.615377902984619141e+00
4.686999917030334473e-01 1.616677284240722656e+00
4.688000082969665527e-01 1.615310549736022949e+00
4.679999947547912598e-01 1.616748690605163574e+00
4.688999950885772705e-01 1.618422031402587891e+00
4.681000113487243652e-01 1.618117451667785645e+00
4.686000049114227295e-01 1.617962718009948730e+00
4.641000032424926758e-01 1.622482538223266602e+00
4.681000113487243652e-01 1.622137784957885742e+00
4.691999852657318115e-01 1.622568607330322266e+00
4.700999855995178223e-01 1.622967839241027832e+00
4.679000079631805420e-01 1.623306989669799805e+00
4.690000116825103760e-01 1.624741792678833008e+00
4.663999974727630615e-01 1.624556541442871094e+00
4.657000005245208740e-01 1.628446221351623535e+00
4.661999940872192383e-01 1.631969571113586426e+00
4.632000029087066650e-01 1.631726145744323730e+00
4.638999998569488525e-01 1.627471566200256348e+00
4.627000093460083008e-01 1.630571722984313965e+00
4.621999859809875488e-01 1.633650064468383789e+00
4.666999876499176025e-01 1.630444884300231934e+00
4.650000035762786865e-01 1.634114980697631836e+00
4.663999974727630615e-01 1.634969830513000488e+00
4.675999879837036133e-01 1.635085105895996094e+00
4.634000062942504883e-01 1.636986255645751953e+00
4.636000096797943115e-01 1.640385150909423828e+00
4.661999940872192383e-01 1.636700391769409180e+00
4.657000005245208740e-01 1.640575408935546875e+00
4.641999900341033936e-01 1.642263889312744141e+00
4.636000096797943115e-01 1.642082214355468750e+00
4.629000127315521240e-01 1.644742608070373535e+00
4.654000103473663330e-01 1.644518971443176270e+00
4.598999917507171631e-01 1.647852301597595215e+00
4.641000032424926758e-01 1.645083546638488770e+00
4.643999934196472168e-01 1.645710706710815430e+00
4.634999930858612061e-01 1.646586894989013672e+00
4.620999991893768311e-01 1.648357272148132324e+00
4.607999920845031738e-01 1.648116946220397949e+00
4.621999859809875488e-01 1.650999069213867188e+00
4.641999900341033936e-01 1.651755452156066895e+00
4.623000025749206543e-01 1.654517173767089844e+00
4.650000035762786865e-01 1.653102397918701172e+00
4.625999927520751953e-01 1.653476119041442871e+00
4.632999897003173828e-01 1.654575824737548828e+00
4.638000130653381348e-01 1.658927679061889648e+00
4.607999920845031738e-01 1.658302187919616699e+00
4.612999856472015381e-01 1.658847093582153320e+00
4.625000059604644775e-01 1.658733963966369629e+00
4.627000093460083008e-01 1.661296248435974121e+00
4.584999978542327881e-01 1.667405605316162109e+00
4.616999924182891846e-01 1.663816452026367188e+00
4.629000127315521240e-01 1.665339231491088867e+00
4.620999991893768311e-01 1.665366411209106445e+00
4.612999856472015381e-01 1.664793133735656738e+00
4.611999988555908203e-01 1.667498826980590820e+00
4.607000052928924561e-01 1.667334198951721191e+00
4.589000046253204346e-01 1.670753479003906250e+00
4.595000147819519043e-01 1.670606017112731934e+00
4.605999886989593506e-01 1.670392155647277832e+00
4.602999985218048096e-01 1.671185493469238281e+00
4.603999853134155273e-01 1.675973296165466309e+00
4.566999971866607666e-01 1.676712870597839355e+00
4.611000120639801025e-01 1.674731612205505371e+00
4.602000117301940918e-01 1.676449179649353027e+00
4.580000042915344238e-01 1.676259994506835938e+00
4.593000113964080811e-01 1.680139899253845215e+00
4.593000113964080811e-01 1.683283448219299316e+00
4.596999883651733398e-01 1.679881691932678223e+00
4.589000046253204346e-01 1.681320548057556152e+00
4.569999873638153076e-01 1.687483429908752441e+00
4.566999971866607666e-01 1.688749074935913086e+00
4.553999900817871094e-01 1.689050555229187012e+00
4.569999873638153076e-01 1.687767624855041504e+00
4.580000042915344238e-01 1.687830090522766113e+00
4.600000083446502686e-01 1.688929677009582520e+00
4.566999971866607666e-01 1.691188693046569824e+00
4.566000103950500488e-01 1.691334009170532227e+00
4.575000107288360596e-01 1.694976329803466797e+00
4.566000103950500488e-01 1.693296074867248535e+00
4.602999985218048096e-01 1.693333983421325684e+00
4.591999948024749756e-01 1.694751381874084473e+00
4.573999941349029541e-01 1.697528481483459473e+00
4.571000039577484131e-01 1.696881413459777832e+00
4.573999941349029541e-01 1.700094342231750488e+00
4.555999934673309326e-01 1.700429677963256836e+00
4.575999975204467773e-01 1.705527186393737793e+00
4.564000070095062256e-01 1.699644684791564941e+00
4.582000076770782471e-01 1.706566810607910156e+00
4.555999934673309326e-01 1.701434135437011719e+00
4.569999873638153076e-01 1.705114006996154785e+00
4.573000073432922363e-01 1.706746101379394531e+00
4.551999866962432861e-01 1.710004925727844238e+00
4.573999941349029541e-01 1.708534121513366699e+00
4.535999894142150879e-01 1.709322094917297363e+00
4.562000036239624023e-01 1.711189866065979004e+00
4.542999863624572754e-01 1.713210344314575195e+00
4.555000066757202148e-01 1.713346838951110840e+00
4.539000093936920166e-01 1.715471506118774414e+00
4.550999999046325684e-01 1.717441439628601074e+00
4.553000032901763916e-01 1.719671845436096191e+00
4.539000093936920166e-01 1.719142198562622070e+00
4.564999938011169434e-01 1.719104528427124023e+00
4.569000005722045898e-01 1.721441984176635742e+00
4.535000026226043701e-01 1.724457263946533203e+00
4.541999995708465576e-01 1.725239396095275879e+00
4.546999931335449219e-01 1.722797274589538574e+00
4.537000060081481934e-01 1.722284197807312012e+00
4.515999853610992432e-01 1.733906865119934082e+00
4.524999856948852539e-01 1.728205323219299316e+00
4.521999955177307129e-01 1.730836510658264160e+00
4.535999894142150879e-01 1.729292750358581543e+00
4.546000063419342041e-01 1.733459234237670898e+00
4.548000097274780273e-01 1.734246134757995605e+00
4.532999992370605469e-01 1.732218146324157715e+00
4.564999938011169434e-01 1.732935786247253418e+00
4.551999866962432861e-01 1.733731269836425781e+00
4.539000093936920166e-01 1.736865282058715820e+00
4.537999927997589111e-01 1.737177968025207520e+00
4.539999961853027344e-01 1.739178299903869629e+00
4.505000114440917969e-01 1.742187738418579102e+00
4.510999917984008789e-01 1.742467522621154785e+00
4.524999856948852539e-01 1.744024038314819336e+00
4.523000121116638184e-01 1.742472887039184570e+00
4.505000114440917969e-01 1.749957084655761719e+00
4.524999856948852539e-01 1.746360778808593750e+00
4.521999955177307129e-01 1.748181819915771484e+00
4.546000063419342041e-01 1.748106598854064941e+00
4.514000117778778076e-01 1.748662114143371582e+00
4.501000046730041504e-01 1.751211285591125488e+00
4.517000019550323486e-01 1.751372694969177246e+00
4.521000087261199951e-01 1.752908229827880859e+00
4.503000080585479736e-01 1.754903078079223633e+00
4.517999887466430664e-01 1.757022023200988770e+00
4.517000019550323486e-01 1.757756233215332031e+00
4.544000029563903809e-01 1.755859613418579102e+00
4.526999890804290771e-01 1.756868600845336914e+00
4.521999955177307129e-01 1.757749795913696289e+00
4.503999948501586914e-01 1.760111689567565918e+00
4.485999941825866699e-01 1.764492392539978027e+00
4.494999945163726807e-01 1.761584758758544922e+00
4.517000019550323486e-01 1.762150645256042480e+00
4.496999979019165039e-01 1.765805840492248535e+00
4.519999921321868896e-01 1.766422510147094727e+00
4.510999917984008789e-01 1.769030332565307617e+00
4.499000012874603271e-01 1.767419099807739258e+00
4.508999884128570557e-01 1.771885156631469727e+00
4.510000050067901611e-01 1.770365595817565918e+00
4.528000056743621826e-01 1.770184397697448730e+00
4.499999880790710449e-01 1.771949410438537598e+00
4.492999911308288574e-01 1.775410771369934082e+00
4.498000144958496094e-01 1.774768114089965820e+00
4.505999982357025146e-01 1.776860713958740234e+00
4.487999975681304932e-01 1.780708432197570801e+00
4.487999975681304932e-01 1.778667926788330078e+00
4.467999935150146484e-01 1.782616257667541504e+00
4.460000097751617432e-01 1.780224442481994629e+00
4.490999877452850342e-01 1.790384411811828613e+00
4.501000046730041504e-01 1.782533407211303711e+00
4.508999884128570557e-01 1.785469174385070801e+00
4.476000070571899414e-01 1.787742733955383301e+00
4.485999941825866699e-01 1.787434577941894531e+00
4.503999948501586914e-01 1.791716933250427246e+00
4.492000043392181396e-01 1.789571881294250488e+00
4.483000040054321289e-01 1.792089819908142090e+00
4.451000094413757324e-01 1.793440461158752441e+00
4.454999864101409912e-01 1.795635700225830078e+00
4.460999965667724609e-01 1.795849561691284180e+00
