1.000599999999999845e+01 1.000000000000000000e+01 9.014939593135181672e-01 9.007341282548891881e-01
1.013199999999999434e+01 1.000000000000000000e+01 9.004430956695850252e-01 9.006247571718843936e-01
1.005600000000000449e+01 1.000000000000000000e+01 9.004329345610327939e-01 9.009661161428025311e-01
1.020199999999999463e+01 9.990000000000000213e+00 9.003055025222078678e-01 9.001456852307031520e-01
1.068999999999999240e+01 1.000000000000000000e+01 8.999711520879482007e-01 8.996291980929780330e-01
1.157000000000000561e+01 1.191999999999999993e+01 8.991873104203448319e-01 8.985344731047276712e-01
1.298200000000003307e+01 1.660999999999999943e+01 8.974062999804084395e-01 8.956835504842378670e-01
1.535799999999998811e+01 1.451999999999999957e+01 8.937744973974498519e-01 8.910100251128364457e-01
1.575199999999998646e+01 1.858999999999999986e+01 8.875968316109484890e-01 8.843106095636995567e-01
1.647399999999996822e+01 1.600000000000000000e+01 8.816409838107515107e-01 8.782869592983910678e-01
1.680199999999998894e+01 1.635999999999999943e+01 8.766045479968457288e-01 8.741247139863517202e-01
1.754599999999997095e+01 1.682000000000000028e+01 8.724325420729599490e-01 8.706984941093549590e-01
1.789399999999993085e+01 2.064000000000000057e+01 8.696603028742837527e-01 8.675023998757449561e-01
1.859999999999998010e+01 1.870999999999999730e+01 8.672502823264300886e-01 8.648759868642084125e-01
1.940999999999995396e+01 1.839000000000000057e+01 8.644918016504745673e-01 8.627100820811132165e-01
1.992399999999996041e+01 1.973000000000000043e+01 8.620501814720623601e-01 8.603322588841265661e-01
2.056599999999996697e+01 2.385999999999999943e+01 8.599886197028328017e-01 8.576267297018547175e-01
2.221999999999999176e+01 2.010999999999999943e+01 8.571700250351879102e-01 8.558534837626200487e-01
2.290799999999999415e+01 2.476999999999999957e+01 8.547181557867136181e-01 8.530557002205715333e-01
2.356599999999996697e+01 2.364999999999999858e+01 8.528100914385082776e-01 8.509409737231249382e-01
2.410200000000000031e+01 2.451999999999999957e+01 8.512309513887587054e-01 8.495382262199170365e-01
2.509999999999997655e+01 2.510000000000000142e+01 8.493108218741460824e-01 8.479980654493467496e-01
2.525399999999999778e+01 2.546000000000000085e+01 8.481183700907035661e-01 8.460981884964918764e-01
2.564799999999999969e+01 2.599000000000000199e+01 8.458599090475245053e-01 8.451420322639255911e-01
2.556799999999998008e+01 2.641999999999999815e+01 8.453972983093240856e-01 8.432777297269419270e-01
2.629199999999997672e+01 2.640000000000000213e+01 8.430881689645848276e-01 8.422583194665954620e-01
2.646200000000002106e+01 2.649000000000000199e+01 8.421732054979090831e-01 8.410318458194715463e-01
2.684400000000001185e+01 2.596999999999999886e+01 8.409417771027906108e-01 8.403440148531940990e-01
2.704799999999997695e+01 2.660000000000000142e+01 8.402130877598219527e-01 8.390792111595829494e-01
2.703200000000000358e+01 2.720000000000000284e+01 8.401491689489877235e-01 8.381032110993182904e-01
2.741600000000001458e+01 2.660000000000000142e+01 8.392035879504663454e-01 8.378312743075951863e-01
2.748399999999998045e+01 2.773000000000000043e+01 8.382367115088893428e-01 8.373519516348301162e-01
2.770000000000003126e+01 2.843999999999999773e+01 8.371233599413026027e-01 8.359052199183290011e-01
2.785800000000000409e+01 2.846000000000000085e+01 8.373684677560299106e-01 8.353370442788687900e-01
2.811200000000002319e+01 2.912999999999999901e+01 8.355594959443292113e-01 8.349873670112907265e-01
2.863599999999999923e+01 2.832000000000000028e+01 8.352328936960613515e-01 8.341605955081669022e-01
2.877200000000000202e+01 2.881000000000000227e+01 8.347560043148816167e-01 8.335372673225817097e-01
2.867999999999997840e+01 2.958999999999999986e+01 8.357618116887713944e-01 8.330606857569970991e-01
2.907400000000004070e+01 2.943999999999999773e+01 8.344885434332444119e-01 8.327110391734723338e-01
2.955599999999996896e+01 2.928000000000000114e+01 8.319442126661917847e-01 8.322762710215394488e-01
2.970999999999997954e+01 2.989999999999999858e+01 8.327304797481924759e-01 8.314374468572812704e-01
2.979199999999996606e+01 2.964999999999999858e+01 8.317571698310916029e-01 8.310515894695735817e-01
3.016199999999996706e+01 3.058000000000000185e+01 8.307351324539224979e-01 8.302176058387509272e-01
3.001999999999998892e+01 3.013000000000000256e+01 8.304534986229713533e-01 8.299900828546364906e-01
3.062200000000000699e+01 3.019000000000000128e+01 8.294091731964028380e-01 8.291462123468816836e-01
3.036800000000002342e+01 3.039999999999999858e+01 8.307067498857353405e-01 8.287812322784591235e-01
3.072999999999995069e+01 3.089999999999999858e+01 8.295616967253268692e-01 8.281162406690578681e-01
3.090199999999994418e+01 3.143000000000000327e+01 8.290893821267893982e-01 8.275242781559211114e-01
3.150599999999996825e+01 3.135999999999999943e+01 8.273961488563215116e-01 8.266844350845008460e-01
3.141999999999991289e+01 3.126999999999999602e+01 8.265862953335293417e-01 8.264543516478621843e-01
3.163999999999994373e+01 3.123000000000000398e+01 8.264698086343791328e-01 8.256008928369386046e-01
3.164799999999998903e+01 3.175000000000000000e+01 8.258521250697267169e-01 8.251844082100165956e-01
3.201199999999990808e+01 3.183000000000000185e+01 8.249531179317425300e-01 8.241794226484001618e-01
3.222199999999995157e+01 3.294000000000000483e+01 8.249195966353312093e-01 8.234380927616634649e-01
3.238999999999999346e+01 3.202999999999999403e+01 8.234262082365795266e-01 8.230881326170316203e-01
3.260199999999993281e+01 3.333999999999999631e+01 8.226893875906192699e-01 8.225430380955012222e-01
3.254999999999994031e+01 3.235999999999999943e+01 8.222040726478958561e-01 8.214970307978760600e-01
3.263399999999993639e+01 3.253000000000000114e+01 8.214104267645691015e-01 8.210160092246608921e-01
3.302999999999995850e+01 3.296000000000000085e+01 8.206658124926404785e-01 8.205612454030932756e-01
3.339799999999995350e+01 3.342000000000000171e+01 8.209074293690868940e-01 8.196815317737566886e-01
3.350399999999994094e+01 3.312999999999999545e+01 8.194850043387224003e-01 8.191237895270139235e-01
3.319599999999991269e+01 3.255000000000000426e+01 8.197806865546221067e-01 8.187854979061666150e-01
3.338399999999995060e+01 3.272999999999999687e+01 8.187933750151519252e-01 8.189401161425633457e-01
3.371599999999995134e+01 3.378000000000000114e+01 8.183699470742126225e-01 8.174505068751621861e-01
3.381999999999997186e+01 3.375999999999999801e+01 8.182719271929606020e-01 8.172526092897525185e-01
3.374799999999992650e+01 3.357000000000000028e+01 8.163093400754345419e-01 8.165516392578766602e-01
3.398599999999994026e+01 3.380000000000000426e+01 8.162583315575400178e-01 8.159560034359994996e-01
3.390399999999989689e+01 3.367000000000000171e+01 8.159252524975368903e-01 8.160472923237210852e-01
3.444199999999992201e+01 3.403999999999999915e+01 8.146758781902420088e-01 8.154700516562400914e-01
3.404399999999990456e+01 3.364000000000000057e+01 8.153356947520633558e-01 8.149584143230411692e-01
3.453199999999993963e+01 3.420000000000000284e+01 8.144053270592508387e-01 8.145563423591488661e-01
3.482799999999986795e+01 3.382999999999999829e+01 8.135641125122247130e-01 8.144199162673808612e-01
3.459399999999994435e+01 3.433999999999999631e+01 8.147416963738263185e-01 8.134130642324450822e-01
3.459399999999993014e+01 3.422999999999999687e+01 8.143331543434761954e-01 8.133270370322394083e-01
3.490599999999991354e+01 3.435999999999999943e+01 8.123428023169027012e-01 8.125787408383664534e-01
3.437599999999991240e+01 3.474000000000000199e+01 8.139684343038632308e-01 8.125106383680276156e-01
3.477599999999990388e+01 3.478000000000000114e+01 8.123974108839067121e-01 8.118250287438040225e-01
3.470799999999997709e+01 3.457999999999999829e+01 8.114325315473717160e-01 8.115760209565403560e-01
3.475399999999994805e+01 3.512000000000000455e+01 8.117713810156546028e-01 8.109777143618959183e-01
3.527399999999990143e+01 3.496999999999999886e+01 8.107046536437192419e-01 8.110794958683361644e-01
3.513599999999986068e+01 3.496999999999999886e+01 8.116411911349996622e-01 8.105240254645401654e-01
3.543799999999993133e+01 3.516000000000000369e+01 8.092071655073509451e-01 8.100638221970464237e-01
3.484599999999992548e+01 3.516000000000000369e+01 8.112961962054627829e-01 8.097387208347092136e-01
3.480599999999994054e+01 3.521000000000000085e+01 8.100531544000708628e-01 8.095788059720364638e-01
3.518799999999990291e+01 3.537000000000000455e+01 8.105647810841344336e-01 8.095915746317202677e-01
3.540599999999988512e+01 3.537000000000000455e+01 8.091892551435708736e-01 8.085967148465457166e-01
3.552999999999990166e+01 3.548000000000000398e+01 8.065511927320179186e-01 8.084893774785999465e-01
3.564599999999988711e+01 3.554999999999999716e+01 8.071326629282377096e-01 8.081593754700481247e-01
3.563999999999986557e+01 3.564999999999999858e+01 8.078806373502745997e-01 8.079901459151889176e-01
3.555399999999987415e+01 3.598000000000000398e+01 8.078435432770019187e-01 8.074066247851512390e-01
3.545399999999993668e+01 3.585000000000000142e+01 8.080746904772547756e-01 8.069492321160066650e-01
3.639199999999986090e+01 3.592999999999999972e+01 8.056963068734274147e-01 8.070006051584133200e-01
3.580799999999994299e+01 3.585999999999999943e+01 8.067250202120881397e-01 8.067345476992270337e-01
3.577999999999995850e+01 3.569999999999999574e+01 8.067159813659596779e-01 8.063586447954723679e-01
3.581399999999985795e+01 3.617000000000000171e+01 8.067447134150902421e-01 8.062241514578070145e-01
3.608199999999992968e+01 3.617000000000000171e+01 8.068807798131233389e-01 8.056538217501010291e-01
3.620599999999988228e+01 3.605999999999999517e+01 8.054960434363799271e-01 8.056198120145938724e-01
3.658599999999995589e+01 3.594999999999999574e+01 8.045795000628392923e-01 8.049211684089120356e-01
3.653199999999987568e+01 3.624000000000000199e+01 8.043233645971213930e-01 8.045961157493829452e-01
3.641599999999991155e+01 3.637000000000000455e+01 8.044121042310879988e-01 8.048490278621320826e-01
3.640399999999997505e+01 3.709000000000000341e+01 8.050711787291873200e-01 8.041176080888119415e-01
3.690399999999986846e+01 3.640999999999999659e+01 8.023880145777422257e-01 8.037112103893049309e-01
3.655199999999990013e+01 3.655999999999999517e+01 8.033438081393745600e-01 8.033213712131213047e-01
3.652199999999994873e+01 3.663000000000000256e+01 8.045584607900888585e-01 8.030594441810965378e-01
3.676999999999991786e+01 3.642999999999999972e+01 8.039882902421969790e-01 8.034238528097163989e-01
3.659599999999987574e+01 3.689999999999999858e+01 8.032834792379919264e-01 8.025623499433101049e-01
3.696199999999986829e+01 3.668999999999999773e+01 8.036638035718681738e-01 8.025373404870691507e-01
3.706799999999991257e+01 3.668999999999999773e+01 8.030974798285945848e-01 8.024367240675329693e-01
3.762799999999989353e+01 3.675999999999999801e+01 8.009094746132906506e-01 8.019631282051358223e-01
3.700199999999989586e+01 3.716999999999999460e+01 8.025598007912801979e-01 8.013824450515671938e-01
3.759999999999986642e+01 3.707000000000000028e+01 8.011984796640514439e-01 8.015392233911891040e-01
3.746199999999984698e+01 3.711999999999999744e+01 8.004632916952929556e-01 8.012155925552466584e-01
3.776999999999987523e+01 3.732000000000000028e+01 7.999890046167301705e-01 8.006037742214321407e-01
3.768399999999991934e+01 3.728999999999999915e+01 7.989041653853784508e-01 8.003888742157201364e-01
3.782599999999991525e+01 3.778000000000000114e+01 7.994285722637896052e-01 8.001679451630999695e-01
3.735599999999986665e+01 3.731000000000000227e+01 8.007087443472767907e-01 8.002082819946417791e-01
3.800999999999988432e+01 3.745000000000000284e+01 7.999569856593415906e-01 7.998346027693413740e-01
3.774399999999989319e+01 3.735000000000000142e+01 7.999097790005599284e-01 7.995150958579010370e-01
3.812199999999990041e+01 3.784000000000000341e+01 7.990039775497955743e-01 7.998451643119793841e-01
3.841199999999991377e+01 3.768999999999999773e+01 7.982099404979433599e-01 7.987347685302244038e-01
3.838799999999982049e+01 3.798000000000000398e+01 7.993267432099947500e-01 7.987744299409932358e-01
3.796999999999987807e+01 3.734000000000000341e+01 7.988428125464983598e-01 7.988633801477479368e-01
3.804199999999989501e+01 3.809000000000000341e+01 7.975930513409889011e-01 7.983827657506388231e-01
3.836399999999982668e+01 3.794000000000000483e+01 7.972248149964294983e-01 7.980270338918463713e-01
3.805599999999990501e+01 3.784000000000000341e+01 7.974088036428115256e-01 7.980349646306069689e-01
3.822199999999989473e+01 3.801999999999999602e+01 7.979575814211337104e-01 7.978530935205808694e-01
3.830199999999990013e+01 3.839999999999999858e+01 7.975468366463079883e-01 7.973263472208678149e-01
3.824799999999989808e+01 3.792999999999999972e+01 7.983520253645015607e-01 7.974664410025467109e-01
3.846599999999994424e+01 3.840999999999999659e+01 7.971587153088282030e-01 7.970832991534738676e-01
3.867399999999991422e+01 3.820000000000000284e+01 7.952455733956108608e-01 7.970536432814638861e-01
3.824799999999991940e+01 3.865999999999999659e+01 7.973232794453368744e-01 7.967468045134079579e-01
3.853399999999989234e+01 3.781000000000000227e+01 7.957650527377339023e-01 7.966823400471697569e-01
3.846599999999987318e+01 3.867999999999999972e+01 7.964048784776005530e-01 7.965492032079908302e-01
3.866799999999991400e+01 3.807000000000000028e+01 7.960516349322434015e-01 7.962808230869425907e-01
3.847799999999988785e+01 3.850999999999999801e+01 7.969161783434829394e-01 7.963517785792576520e-01
3.886799999999986710e+01 3.836999999999999744e+01 7.956469409446802477e-01 7.958421475005346135e-01
3.920199999999984186e+01 3.847999999999999687e+01 7.936000633226637513e-01 7.961290070823845433e-01
3.905199999999987881e+01 3.925000000000000000e+01 7.949475354459096810e-01 7.954467533219634623e-01
3.896199999999984698e+01 3.864999999999999858e+01 7.951982079720589791e-01 7.957393240005504742e-01
3.903799999999983328e+01 3.896000000000000085e+01 7.939113239106225794e-01 7.952662734503116448e-01
3.911199999999993793e+01 3.911999999999999744e+01 7.949560562596889035e-01 7.952417102958502237e-01
3.922399999999986875e+01 3.896000000000000085e+01 7.945626718797785815e-01 7.949583530241041140e-01
3.887799999999987222e+01 3.937999999999999545e+01 7.936231762373858745e-01 7.948008744232718525e-01
3.897399999999991138e+01 3.878000000000000114e+01 7.931655221148454782e-01 7.948219594969450075e-01
3.932399999999988438e+01 3.865999999999999659e+01 7.931690819914563040e-01 7.951568665566024485e-01
3.909599999999986863e+01 3.860000000000000142e+01 7.939326999571959531e-01 7.947190548007644351e-01
3.934599999999989706e+01 3.906000000000000227e+01 7.932032030212052831e-01 7.944954966728833279e-01
3.957599999999985840e+01 3.897999999999999687e+01 7.927053868337785580e-01 7.944218545620264083e-01
3.954799999999988813e+01 3.900999999999999801e+01 7.918654160671005915e-01 7.940842295983413512e-01
3.924599999999989564e+01 3.967999999999999972e+01 7.937951742355591200e-01 7.941008938191235211e-01
3.947199999999987341e+01 3.910000000000000142e+01 7.922013021872393868e-01 7.943173591008952927e-01
3.932799999999986795e+01 3.867999999999999972e+01 7.935616372945019092e-01 7.941269411757605479e-01
3.893599999999995731e+01 3.875999999999999801e+01 7.946836626104850643e-01 7.939260931158599321e-01
3.968799999999987449e+01 3.846000000000000085e+01 7.915309709092480661e-01 7.941762589281062823e-01
3.960599999999993770e+01 3.921999999999999886e+01 7.922205832421991278e-01 7.937926617606144708e-01
3.948199999999982879e+01 3.905000000000000426e+01 7.925722209751761005e-01 7.936189016188138767e-01
3.914399999999992730e+01 3.903000000000000114e+01 7.929368237144490683e-01 7.934981391819384555e-01
3.952999999999985903e+01 3.912999999999999545e+01 7.918422999902555715e-01 7.931899292611894747e-01
3.930799999999988614e+01 3.914999999999999858e+01 7.943865909259134606e-01 7.933363827658788114e-01
3.957999999999992013e+01 3.926999999999999602e+01 7.912472176746154773e-01 7.930743651010340178e-01
3.960599999999985243e+01 3.935000000000000142e+01 7.924836208498294843e-01 7.932511457029836066e-01
3.976599999999982060e+01 3.926999999999999602e+01 7.915566384664565192e-01 7.934376718896778424e-01
3.975999999999991985e+01 3.922999999999999687e+01 7.910518282184936245e-01 7.931276388631747221e-01
3.985599999999988086e+01 3.966000000000000369e+01 7.918729849730947734e-01 7.926492292752316260e-01
3.943199999999989558e+01 3.894000000000000483e+01 7.917449141221806208e-01 7.928504392785904464e-01
3.989999999999983515e+01 3.929000000000000625e+01 7.913055601655284432e-01 7.924769746112891866e-01
3.972399999999986875e+01 3.972999999999999687e+01 7.918622243524597870e-01 7.925545713618806776e-01
3.950799999999987477e+01 3.989000000000000057e+01 7.911241374997793896e-01 7.926003910847939649e-01
3.969799999999987250e+01 3.971999999999999886e+01 7.912940011778440974e-01 7.924657173123715870e-01
3.978599999999988768e+01 3.971000000000000085e+01 7.909380887886924283e-01 7.923226339646703975e-01
3.983799999999989438e+01 3.992999999999999972e+01 7.896013680269401425e-01 7.921760951934653239e-01
3.981599999999988171e+01 3.935999999999999943e+01 7.900156172236345586e-01 7.920766708391332456e-01
3.977999999999985192e+01 3.964000000000000057e+01 7.907185538772032452e-01 7.921350255995510681e-01
3.975199999999984612e+01 3.964000000000000057e+01 7.902374035783059636e-01 7.920174069433254527e-01
4.005199999999990013e+01 3.973999999999999488e+01 7.910821040863820208e-01 7.919788230113630201e-01
3.990199999999987313e+01 3.978000000000000114e+01 7.911119228937247838e-01 7.920412860478874828e-01
4.000599999999991496e+01 3.926999999999999602e+01 7.904437085304287791e-01 7.921490082015596457e-01
3.976199999999980861e+01 3.946999999999999886e+01 7.899408751841583420e-01 7.922934057269896968e-01
4.008199999999990837e+01 3.968999999999999773e+01 7.892490582053282022e-01 7.916683242703633772e-01
3.999799999999991940e+01 3.989000000000000057e+01 7.897747972068160927e-01 7.918707090627407075e-01
4.015399999999984004e+01 3.941000000000000369e+01 7.901984169695697169e-01 7.919143993620120225e-01
4.031599999999988881e+01 3.914999999999999858e+01 7.893189096251438386e-01 7.919304652612253470e-01
4.051199999999987256e+01 3.946000000000000085e+01 7.880801976572198164e-01 7.917935301980824070e-01
4.032799999999990348e+01 3.971999999999999886e+01 7.888402589030223400e-01 7.915282885281852421e-01
3.999799999999990519e+01 3.985000000000000142e+01 7.897680280182017842e-01 7.913662542830197655e-01
3.995399999999986562e+01 3.962999999999999545e+01 7.894928619389801616e-01 7.917606181241478858e-01
4.046999999999990649e+01 3.957999999999999829e+01 7.891562498519109070e-01 7.915878749715383744e-01
4.043599999999988626e+01 3.968999999999999773e+01 7.886126866417018100e-01 7.913300956379087925e-01
4.032599999999982288e+01 3.934000000000000341e+01 7.900192762267770341e-01 7.917805680209788477e-01
4.035199999999994702e+01 3.968999999999999773e+01 7.892926845043867212e-01 7.915158225949372461e-01
4.011399999999988353e+01 3.968999999999999773e+01 7.889775737104288700e-01 7.911305950413834998e-01
4.065199999999981628e+01 3.978999999999999915e+01 7.886683774234897193e-01 7.909670166756785914e-01
4.007199999999986773e+01 3.945000000000000284e+01 7.893740618949343091e-01 7.911334466291155554e-01
4.041599999999985471e+01 3.977000000000000313e+01 7.883041304078900469e-01 7.909820835643341930e-01
4.067599999999983851e+01 3.956000000000000227e+01 7.873275127973894394e-01 7.909761745392975829e-01
4.053999999999987836e+01 3.966000000000000369e+01 7.874140218361775911e-01 7.908246681814523615e-01
4.050799999999987477e+01 3.995000000000000284e+01 7.881840097716180660e-01 7.906792637549981961e-01
4.057399999999982043e+01 3.982000000000000028e+01 7.871776980836846516e-01 7.907273584142071599e-01
4.064599999999986579e+01 3.960000000000000142e+01 7.876024780723580587e-01 7.905105163079554353e-01
4.053199999999986147e+01 3.928000000000000114e+01 7.867523183882689786e-01 7.910034769842121394e-01
4.056199999999987682e+01 4.017999999999999972e+01 7.877527876608430013e-01 7.907223625625238173e-01
4.001999999999989654e+01 3.939999999999999858e+01 7.888663484213866983e-01 7.912303788059817933e-01
4.058599999999984220e+01 3.986999999999999744e+01 7.872170880599723697e-01 7.903861127650871898e-01
4.057399999999986306e+01 3.997999999999999687e+01 7.871524895404733435e-01 7.906461508553545015e-01
4.047399999999986164e+01 3.982000000000000028e+01 7.877726808832025140e-01 7.905213428949641186e-01
4.062599999999996214e+01 3.942000000000000171e+01 7.877498845401976757e-01 7.907293878664410913e-01
4.062399999999981759e+01 3.971000000000000085e+01 7.878485277037189372e-01 7.904455205055598288e-01
4.057999999999986329e+01 3.982000000000000028e+01 7.879943571882762621e-01 7.905399355382279891e-01
4.045599999999986096e+01 3.978999999999999915e+01 7.885624249028775345e-01 7.901290313565906276e-01
4.068799999999985317e+01 3.960000000000000142e+01 7.873568308647638236e-01 7.902301569320572261e-01
4.063999999999986557e+01 3.973999999999999488e+01 7.856183455256414705e-01 7.903004683141117148e-01
4.059999999999985221e+01 3.986999999999999744e+01 7.875641601146015081e-01 7.902263446627015853e-01
4.075999999999987011e+01 3.989000000000000057e+01 7.870058437932330175e-01 7.900424448277708622e-01
4.100799999999988188e+01 4.010999999999999943e+01 7.857717799121037849e-01 7.900636981919251234e-01
4.068999999999985562e+01 3.947999999999999687e+01 7.880559690204129719e-01 7.905052821098068616e-01
4.100599999999989365e+01 3.992999999999999972e+01 7.849291620675221681e-01 7.905067014426309102e-01
4.060399999999988552e+01 3.935999999999999943e+01 7.868488866853450281e-01 7.905060069745899476e-01
4.047399999999984033e+01 4.002000000000000313e+01 7.864425325707088410e-01 7.900094448381698164e-01
4.086799999999990973e+01 3.946999999999999886e+01 7.864233696833671239e-01 7.900779937650646012e-01
4.075399999999982725e+01 3.955000000000000426e+01 7.868355802551896261e-01 7.901755446005127581e-01
4.069199999999986517e+01 3.989000000000000057e+01 7.865165851295810029e-01 7.904604134132534599e-01
4.091799999999991400e+01 3.946999999999999886e+01 7.873923536899514186e-01 7.901712076638960358e-01
4.102599999999983993e+01 3.983999999999999631e+01 7.863568761059120948e-01 7.897522253918740631e-01
4.074799999999984124e+01 4.005000000000000426e+01 7.858522808721219999e-01 7.898445016414754605e-01
4.106399999999988637e+01 3.992000000000000171e+01 7.858012166815188104e-01 7.897447413916809378e-01
4.072799999999995180e+01 3.977000000000000313e+01 7.860174828686216086e-01 7.896474881992017192e-01
4.082199999999992457e+01 3.985999999999999943e+01 7.864739292790303704e-01 7.898724579288850522e-01
4.099199999999989075e+01 4.000000000000000000e+01 7.851672120600083904e-01 7.898256472180318344e-01
4.092199999999984783e+01 4.021000000000000085e+01 7.858487556011172215e-01 7.895762450857072290e-01
4.082799999999989637e+01 4.003999999999999915e+01 7.852852398586533944e-01 7.897553077952202960e-01
4.082799999999984664e+01 4.025000000000000000e+01 7.859854181023113728e-01 7.893096144081312993e-01
4.126599999999989166e+01 4.000999999999999801e+01 7.842263135174896149e-01 7.894973435962941988e-01
4.090999999999984738e+01 3.991000000000000369e+01 7.865895894233149166e-01 7.894965109086999888e-01
4.079199999999985948e+01 3.992000000000000171e+01 7.851804646905210516e-01 7.899757461149931048e-01
4.094199999999986517e+01 4.012999999999999545e+01 7.857804962147409977e-01 7.895213986152732621e-01
4.119399999999991024e+01 3.972999999999999687e+01 7.837933460916709505e-01 7.898018534649019484e-01
4.108399999999986107e+01 4.043999999999999773e+01 7.850224150085212127e-01 7.894682460836741633e-01
4.136399999999995458e+01 3.978999999999999915e+01 7.835926174087969320e-01 7.896557660324604599e-01
4.082599999999987972e+01 4.008999999999999631e+01 7.850734855666808842e-01 7.893281532950493506e-01
4.057599999999986551e+01 4.003999999999999915e+01 7.857998943188151397e-01 7.892343234998231427e-01
4.098599999999981236e+01 3.978999999999999915e+01 7.844629917585050904e-01 7.892638701999368234e-01
4.136399999999987642e+01 4.011999999999999744e+01 7.848253383107092196e-01 7.892176305954441418e-01
4.092399999999987159e+01 4.016000000000000369e+01 7.856810477204645426e-01 7.897771784535297934e-01
4.083599999999993457e+01 4.042000000000000171e+01 7.862909300611199415e-01 7.891944024492039134e-01
4.116199999999989956e+01 4.007000000000000028e+01 7.840156310431777298e-01 7.892769830767381034e-01
4.105199999999980065e+01 4.023999999999999488e+01 7.852357198958554996e-01 7.890875280302924732e-01
4.106799999999984863e+01 3.975000000000000000e+01 7.853547236104954088e-01 7.892495827804087982e-01
4.077999999999985903e+01 4.018999999999999773e+01 7.866838782572309619e-01 7.894070393368673999e-01
4.095999999999990138e+01 4.021999999999999886e+01 7.850932790062143951e-01 7.890971904799892744e-01
4.111599999999991439e+01 4.002000000000000313e+01 7.840752566864725992e-01 7.893292817917885174e-01
4.110199999999987597e+01 4.021000000000000085e+01 7.846130898944949639e-01 7.889785860019260522e-01
4.133799999999992991e+01 4.010999999999999943e+01 7.837820726561610662e-01 7.888751155374099655e-01
4.122199999999983788e+01 3.985000000000000142e+01 7.842613579500765653e-01 7.889827904815577275e-01
4.132799999999988927e+01 4.032999999999999829e+01 7.840553640485062870e-01 7.893038823599618503e-01
4.135399999999987131e+01 4.002000000000000313e+01 7.834920618927933011e-01 7.891115929383563099e-01
4.158599999999994168e+01 3.982999999999999829e+01 7.815363582005210308e-01 7.890993368810833575e-01
4.104999999999990479e+01 4.030000000000000426e+01 7.844005591949420042e-01 7.893979020562800208e-01
4.113999999999986557e+01 4.003999999999999915e+01 7.835856366641545945e-01 7.891882416613604789e-01
4.132799999999991059e+01 4.038000000000000256e+01 7.839483469185482001e-01 7.887299883840527270e-01
4.120999999999994401e+01 4.032000000000000028e+01 7.843623483656274598e-01 7.888442888073100567e-01
4.135399999999993526e+01 3.995000000000000284e+01 7.832505533820800503e-01 7.891901691904913418e-01
4.151599999999987034e+01 4.025000000000000000e+01 7.829369162664687742e-01 7.890082417182786578e-01
4.111399999999989774e+01 4.007999999999999829e+01 7.847689059861842065e-01 7.889876976138778808e-01
4.094999999999998153e+01 4.008999999999999631e+01 7.848406354536926477e-01 7.889044370819139340e-01
4.177999999999987324e+01 3.985000000000000142e+01 7.827788936443074164e-01 7.887169600727824692e-01
4.112399999999993838e+01 3.985000000000000142e+01 7.866959057914986175e-01 7.889968691817514923e-01
4.125599999999988654e+01 4.046000000000000085e+01 7.840617997314262011e-01 7.888753139467252762e-01
4.114599999999985158e+01 3.985000000000000142e+01 7.842916268072227526e-01 7.889697780249479431e-01
4.158799999999992991e+01 4.017000000000000171e+01 7.837354069823507796e-01 7.887454084494230910e-01
4.120799999999984919e+01 3.970000000000000284e+01 7.846292517818558299e-01 7.888124575419180884e-01
4.110599999999990928e+01 4.017000000000000171e+01 7.835820578129324421e-01 7.885624307829711688e-01
4.135599999999990217e+01 4.025999999999999801e+01 7.824553016125080918e-01 7.889343963119910264e-01
4.104799999999985971e+01 4.018999999999999773e+01 7.846477211527127515e-01 7.888404656468501752e-01
4.057999999999984908e+01 3.971999999999999886e+01 7.854746121397596648e-01 7.890232083755988057e-01
4.147599999999983567e+01 3.978000000000000114e+01 7.826308769795771170e-01 7.887917570993123739e-01
4.110999999999984311e+01 4.020000000000000284e+01 7.849030456374174181e-01 7.889066728031902676e-01
4.131399999999990058e+01 4.012999999999999545e+01 7.835330719183494219e-01 7.887757005766279361e-01
4.150799999999987477e+01 3.983999999999999631e+01 7.834742866177041298e-01 7.885085315014218610e-01
4.161399999999990484e+01 4.000000000000000000e+01 7.834975329887736706e-01 7.886119977578880391e-01
4.113399999999992218e+01 3.992999999999999972e+01 7.843316361728989161e-01 7.889145313948842109e-01
4.168399999999987671e+01 4.008999999999999631e+01 7.832202444836317001e-01 7.883524582156475891e-01
4.148399999999987386e+01 4.015000000000000568e+01 7.834680477302191637e-01 7.891314201324188815e-01
4.135399999999986420e+01 4.007999999999999829e+01 7.830799294813098888e-01 7.884541891143115322e-01
4.161399999999988353e+01 4.022999999999999687e+01 7.831017444785702830e-01 7.887081949986723961e-01
4.142799999999994043e+01 3.978999999999999915e+01 7.844505753436616935e-01 7.885547285249102645e-01
4.149599999999991695e+01 4.040000000000000568e+01 7.837717224837500440e-01 7.885766897897608096e-01
4.150599999999989365e+01 4.025999999999999801e+01 7.841905839496307040e-01 7.884682312834864204e-01
4.201799999999991542e+01 4.043999999999999773e+01 7.811992679759595104e-01 7.883995270800254751e-01
4.154799999999985971e+01 4.025000000000000000e+01 7.829747821297641242e-01 7.886703013500052650e-01
4.111199999999988108e+01 4.058999999999999631e+01 7.840851705131501870e-01 7.886683036805780533e-01
4.170599999999982543e+01 3.972999999999999687e+01 7.819282160669474013e-01 7.887124722435571167e-01
4.189599999999987290e+01 3.989000000000000057e+01 7.816148846778989689e-01 7.881638541901806461e-01
4.186399999999987642e+01 4.032999999999999829e+01 7.802222536633454109e-01 7.883383899206209966e-01
4.108799999999988017e+01 4.021999999999999886e+01 7.837283888310261348e-01 7.881454780342702637e-01
4.134999999999985221e+01 3.996000000000000085e+01 7.831220000225843636e-01 7.882078177352020987e-01
4.144800000000000040e+01 3.982000000000000028e+01 7.831486579863410347e-01 7.885275730505610925e-01
4.174599999999992406e+01 4.010000000000000142e+01 7.833881609581883065e-01 7.880546440506337458e-01
4.215999999999989001e+01 4.014000000000000057e+01 7.804784271024194364e-01 7.883369237754188630e-01
4.162199999999983646e+01 4.027000000000000313e+01 7.826788015313307367e-01 7.881784600592457446e-01
4.175199999999991007e+01 3.956000000000000227e+01 7.829382669750448720e-01 7.884886940076518691e-01
4.139199999999991064e+01 3.964000000000000057e+01 7.827845956256784810e-01 7.882861116910561128e-01
4.190999999999984027e+01 3.995000000000000284e+01 7.820536159136965981e-01 7.885944755478223600e-01
4.182399999999988438e+01 4.016000000000000369e+01 7.820099970018041802e-01 7.884806704142190981e-01
4.153999999999984993e+01 3.997999999999999687e+01 7.826114343004539897e-01 7.887661886582698623e-01
4.156999999999985107e+01 4.016000000000000369e+01 7.829632220025848355e-01 7.882715281117780304e-01
4.177799999999990632e+01 4.010000000000000142e+01 7.809979264163302570e-01 7.883300512595565745e-01
4.170999999999994401e+01 3.990000000000000568e+01 7.812658652191776243e-01 7.882260956106816874e-01
4.200399999999985567e+01 3.987999999999999545e+01 7.816134136882409988e-01 7.883563703323770433e-01
4.164999999999988489e+01 4.022999999999999687e+01 7.811925613424230974e-01 7.884277626926988747e-01
4.177599999999990388e+01 4.045000000000000284e+01 7.817136049143967869e-01 7.879506338544015609e-01
4.165999999999989001e+01 4.020000000000000284e+01 7.828241396353882164e-01 7.881942185403160162e-01
4.159599999999987574e+01 4.030000000000000426e+01 7.813797479289619208e-01 7.883259029749373203e-01
4.212599999999985556e+01 4.073999999999999488e+01 7.817568215352344030e-01 7.879342745470823139e-01
4.169599999999991979e+01 4.064999999999999858e+01 7.816924010926783462e-01 7.882357938947056608e-01
4.166399999999985937e+01 3.982999999999999829e+01 7.814618196231329916e-01 7.881910421205363670e-01
4.187999999999991019e+01 3.989000000000000057e+01 7.814243218224896648e-01 7.880887723183035432e-01
4.206799999999988415e+01 4.000000000000000000e+01 7.816093905279102305e-01 7.878056110115779775e-01
4.189399999999983493e+01 4.023999999999999488e+01 7.810643921348804364e-01 7.878379373817641085e-01
4.191799999999988557e+01 3.985999999999999943e+01 7.807611662121126672e-01 7.884076176213987708e-01
4.200599999999989365e+01 4.036999999999999744e+01 7.802786779349419888e-01 7.882331296169772239e-01
4.192599999999987403e+01 4.010000000000000142e+01 7.805064561381952482e-01 7.877503753798108521e-01
4.223399999999990229e+01 4.021000000000000085e+01 7.797672364981870219e-01 7.879428925284316376e-01
4.196199999999986119e+01 4.047999999999999687e+01 7.813324840319447739e-01 7.877982559238176918e-01
4.168599999999985783e+01 4.022999999999999687e+01 7.823493415638702597e-01 7.878619077334393372e-01
4.216599999999985471e+01 4.000000000000000000e+01 7.798379376611478397e-01 7.884127340140059115e-01
4.201799999999985147e+01 4.028999999999999915e+01 7.814558882341590129e-01 7.878071556263762654e-01
4.189599999999990843e+01 4.063000000000000256e+01 7.820242104091045254e-01 7.877485158196784187e-01
4.211799999999988842e+01 4.005000000000000426e+01 7.815855092179052610e-01 7.879084975735194396e-01
4.179399999999991877e+01 3.978000000000000114e+01 7.815135526385365017e-01 7.879954447798126482e-01
4.195399999999985852e+01 4.003000000000000114e+01 7.805020116691713250e-01 7.879197897083045632e-01
4.234199999999992770e+01 4.028999999999999915e+01 7.802058172761390242e-01 7.876069260719781306e-01
4.216199999999987114e+01 4.010000000000000142e+01 7.810683822399143716e-01 7.878096037668315121e-01
4.170799999999987051e+01 4.031000000000000227e+01 7.810662771722792774e-01 7.876341351233829835e-01
4.173599999999986210e+01 4.025999999999999801e+01 7.810609894851293644e-01 7.876037712226225951e-01
4.208599999999990615e+01 4.012999999999999545e+01 7.801817665713339789e-01 7.875472122880621262e-01
4.228599999999984504e+01 4.053999999999999915e+01 7.798550122000534879e-01 7.877776458142810023e-01
4.208799999999994412e+01 4.038000000000000256e+01 7.817645008636132653e-01 7.879804849185257920e-01
4.234799999999984266e+01 4.012999999999999545e+01 7.794332671432033788e-01 7.873187092739610815e-01
4.222399999999991849e+01 4.025000000000000000e+01 7.808417321730292127e-01 7.875835146106543450e-01
4.204399999999995430e+01 4.047999999999999687e+01 7.807703938200123428e-01 7.877128848108756465e-01
4.208199999999990126e+01 3.989000000000000057e+01 7.801976136217941837e-01 7.876184462880572168e-01
4.198399999999987386e+01 3.957000000000000028e+01 7.807404099508684636e-01 7.879188305855205909e-01
4.227799999999988501e+01 4.010999999999999943e+01 7.798746656481481132e-01 7.879017775303049920e-01
4.207599999999987972e+01 3.993999999999999773e+01 7.796851246624266762e-01 7.874096319512008391e-01
4.224399999999988609e+01 4.003000000000000114e+01 7.803959132265749776e-01 7.872651414955136318e-01
4.190199999999987313e+01 4.021999999999999886e+01 7.814456785044912035e-01 7.876753035470698272e-01
4.207999999999984198e+01 4.028999999999999915e+01 7.801773520181786159e-01 7.873050381939621367e-01
4.219799999999987961e+01 4.042999999999999972e+01 7.789448290389600071e-01 7.872970687588776162e-01
4.200799999999987477e+01 4.069999999999999574e+01 7.794355143503591821e-01 7.872583516006097515e-01
4.215199999999992286e+01 3.992000000000000171e+01 7.799091050081075061e-01 7.874271853474841265e-01
4.197999999999991871e+01 4.005000000000000426e+01 7.800151011590783501e-01 7.875106567932331769e-01
4.198199999999992826e+01 3.986999999999999744e+01 7.808251532457003430e-01 7.875130672246031249e-01
4.207199999999991746e+01 4.028000000000000114e+01 7.796681502586586543e-01 7.873324675670934081e-01
4.228399999999984971e+01 4.042999999999999972e+01 7.796943729433445380e-01 7.871815941105302361e-01
4.239199999999991064e+01 4.035999999999999943e+01 7.785893275130999491e-01 7.874934442125441914e-01
4.208599999999988484e+01 4.015000000000000568e+01 7.797114348069559275e-01 7.870195548488025938e-01
4.203999999999984283e+01 4.031000000000000227e+01 7.806209373555711428e-01 7.874006517416545226e-01
4.274199999999981259e+01 4.025999999999999801e+01 7.770419100030344639e-01 7.871829578832881813e-01
4.218999999999989825e+01 4.000000000000000000e+01 7.809556002231883287e-01 7.870885787114919596e-01
4.215399999999986136e+01 4.021999999999999886e+01 7.792647752074709500e-01 7.868611367584260607e-01
4.234999999999988063e+01 3.983999999999999631e+01 7.799559922988105187e-01 7.872358761175096697e-01
4.221799999999988984e+01 3.981000000000000227e+01 7.803080584345579718e-01 7.873143049805092497e-01
4.207399999999988438e+01 4.064999999999999858e+01 7.796644948223205862e-01 7.872021469965281293e-01
4.203999999999990678e+01 4.046000000000000085e+01 7.802634472040513858e-01 7.872379184463191848e-01
4.214399999999988466e+01 4.045000000000000284e+01 7.797080129384249547e-01 7.870884858358934144e-01
4.249999999999989342e+01 4.040000000000000568e+01 7.787248026206775586e-01 7.871664082475579027e-01
4.240599999999987801e+01 4.028000000000000114e+01 7.790360881614964983e-01 7.870784870498279684e-01
4.239999999999986358e+01 4.032999999999999829e+01 7.796463780430580304e-01 7.874726977771627778e-01
4.244799999999990092e+01 4.030000000000000426e+01 7.782564070726262218e-01 7.871116066567266367e-01
4.237599999999984135e+01 4.031000000000000227e+01 7.797535016689126630e-01 7.872058952814864341e-01
4.246799999999989694e+01 3.992000000000000171e+01 7.787363439009813426e-01 7.869645441150464604e-01
4.239599999999989421e+01 4.039000000000000057e+01 7.792951533634766559e-01 7.868152240765724503e-01
4.211199999999989529e+01 4.012999999999999545e+01 7.801782584120240394e-01 7.870840078166831955e-01
4.217399999999989291e+01 3.987999999999999545e+01 7.793507579595004842e-01 7.873118910327060460e-01
4.239199999999989643e+01 3.987999999999999545e+01 7.793652628022295081e-01 7.872910498166825199e-01
4.252199999999984215e+01 4.017000000000000171e+01 7.780302612333379608e-01 7.868306511444371765e-01
4.250799999999990320e+01 4.053000000000000114e+01 7.786792502532506877e-01 7.870530349566894346e-01
4.229599999999989279e+01 4.057999999999999829e+01 7.807529842060284553e-01 7.869154876166972734e-01
4.229199999999990212e+01 4.035000000000000142e+01 7.787321135474226663e-01 7.867031122896589457e-01
4.237999999999990308e+01 4.025999999999999801e+01 7.788319536552401612e-01 7.869377533903875177e-01
4.240399999999990399e+01 4.027000000000000313e+01 7.786876167591796349e-01 7.869912421699460925e-01
4.259999999999986642e+01 4.078000000000000114e+01 7.779471572250857836e-01 7.865439213052576317e-01
4.297799999999990206e+01 4.006000000000000227e+01 7.771922731001560392e-01 7.867148830210923816e-01
4.245799999999985630e+01 4.068999999999999773e+01 7.789492146248903071e-01 7.871725630810378904e-01
4.230599999999993344e+01 4.050000000000000000e+01 7.787205553555779369e-01 7.866811924038831227e-01
4.253999999999987836e+01 4.064999999999999858e+01 7.778353030806024471e-01 7.869212788152979421e-01
4.245799999999982788e+01 4.052000000000000313e+01 7.780792582127263879e-01 7.867309731128298012e-01
4.207599999999987972e+01 4.008999999999999631e+01 7.791845549670117776e-01 7.867182711398391648e-01
4.243599999999986494e+01 4.057000000000000028e+01 7.788794768658300338e-01 7.869333456153753126e-01
4.222599999999992804e+01 4.042999999999999972e+01 7.792506194550463672e-01 7.868762123790534746e-01
4.281599999999988881e+01 4.011999999999999744e+01 7.778138713867646103e-01 7.868973385366875295e-01
4.235599999999994481e+01 4.053999999999999915e+01 7.788155290228556682e-01 7.867503171744341106e-01
4.254999999999986926e+01 4.017999999999999972e+01 7.776069558019624850e-01 7.867039667289228433e-01
4.249799999999995492e+01 4.038000000000000256e+01 7.776521904386172190e-01 7.869753878540552972e-01
4.296599999999984476e+01 4.030000000000000426e+01 7.769846795208353862e-01 7.865026682844029615e-01
4.275399999999989831e+01 4.046000000000000085e+01 7.776551635288451170e-01 7.866762934992597156e-01
4.235999999999984311e+01 4.021000000000000085e+01 7.786636594304285897e-01 7.865615506454013417e-01
4.240999999999995396e+01 4.046999999999999886e+01 7.778737578500203309e-01 7.864883812306766586e-01
4.187199999999988620e+01 4.014000000000000057e+01 7.800773525649187246e-01 7.868693631982993653e-01
4.247999999999991161e+01 4.048999999999999488e+01 7.781218889828689367e-01 7.870360481871638836e-01
4.232399999999984175e+01 4.025000000000000000e+01 7.782482541590871605e-01 7.866294577161487833e-01
4.306999999999992212e+01 3.982000000000000028e+01 7.764511042002435470e-01 7.868888342849991169e-01
4.256599999999991724e+01 4.023999999999999488e+01 7.776097722478807484e-01 7.865176183890923989e-01
4.236599999999979360e+01 4.046000000000000085e+01 7.793838058058339957e-01 7.863953841681705637e-01
4.255999999999992411e+01 4.023999999999999488e+01 7.767536220177183592e-01 7.865402440058599787e-01
4.223399999999988808e+01 4.017999999999999972e+01 7.791482256165294107e-01 7.868210482596103006e-01
4.238399999999987244e+01 4.023999999999999488e+01 7.801889582776276866e-01 7.866178920982960232e-01
4.267999999999987892e+01 3.973999999999999488e+01 7.777839502193271137e-01 7.867379765250765988e-01
4.255199999999989302e+01 4.027000000000000313e+01 7.781863686620008602e-01 7.868048804750770175e-01
4.257399999999979201e+01 3.993999999999999773e+01 7.787921569846710801e-01 7.866196029525095446e-01
4.241799999999991400e+01 4.046000000000000085e+01 7.778779616998382496e-01 7.865762041764654544e-01
4.281999999999987949e+01 4.002000000000000313e+01 7.780539255854832525e-01 7.865896483234972036e-01
4.254599999999989990e+01 4.010000000000000142e+01 7.775156303421084658e-01 7.866400541539949609e-01
4.296599999999990160e+01 4.027000000000000313e+01 7.755705325317505672e-01 7.863003240833436047e-01
4.238799999999990575e+01 3.971000000000000085e+01 7.781474060256631242e-01 7.869566077538232562e-01
4.261599999999981492e+01 4.010999999999999943e+01 7.771325002605705690e-01 7.864674375754208135e-01
4.228199999999990411e+01 4.007000000000000028e+01 7.787602106456306128e-01 7.863314547975410740e-01
4.229599999999984306e+01 4.030000000000000426e+01 7.782939432508618749e-01 7.866900576257990219e-01
4.258399999999991081e+01 4.016000000000000369e+01 7.775158652890664657e-01 7.870531420730191297e-01
4.277199999999987057e+01 4.007000000000000028e+01 7.775792636649883072e-01 7.863168936447624269e-01
4.297199999999989473e+01 4.014000000000000057e+01 7.758298036784226914e-01 7.865964432437888565e-01
4.255999999999986727e+01 4.056000000000000227e+01 7.779220127907334748e-01 7.862772698190896303e-01
4.242399999999994264e+01 4.021999999999999886e+01 7.771816305869859720e-01 7.864654025889239453e-01
4.262999999999983913e+01 4.040000000000000568e+01 7.767615796585712884e-01 7.865034239501641489e-01
4.245399999999986562e+01 4.027000000000000313e+01 7.780361321881918979e-01 7.866963991028919079e-01
4.243399999999989802e+01 4.028000000000000114e+01 7.782500202089425168e-01 7.862586495456419522e-01
4.262799999999984379e+01 4.000999999999999801e+01 7.773155765812244100e-01 7.864088374944661064e-01
4.241799999999982873e+01 4.035000000000000142e+01 7.783419521153497334e-01 7.865854982450348754e-01
4.237599999999987688e+01 4.046999999999999886e+01 7.778857613865600706e-01 7.864476194468714709e-01
4.226199999999987256e+01 4.031000000000000227e+01 7.790205988004288429e-01 7.864414412859015435e-01
4.256799999999994100e+01 4.042999999999999972e+01 7.775055629568523585e-01 7.863319712459553301e-01
4.283199999999983731e+01 4.046999999999999886e+01 7.766965825484930530e-01 7.863341820438189966e-01
4.314199999999988933e+01 4.032000000000000028e+01 7.751856577771588652e-01 7.865553714934045981e-01
4.276999999999985391e+01 4.076000000000000512e+01 7.771278810590730446e-01 7.863434516961324006e-01
4.280999999999990280e+01 4.056000000000000227e+01 7.763206825028715619e-01 7.863935809794903031e-01
4.248799999999985744e+01 4.021000000000000085e+01 7.779170397376791168e-01 7.865195332871444123e-01
4.288199999999987710e+01 4.053999999999999915e+01 7.767568502894287574e-01 7.866510264400571328e-01
4.282999999999988461e+01 4.039000000000000057e+01 7.766878574301033789e-01 7.864264025705279826e-01
4.300599999999988654e+01 4.007999999999999829e+01 7.767573739659393572e-01 7.866007564853767509e-01
4.309599999999982600e+01 4.045000000000000284e+01 7.760282022173149441e-01 7.862379842153287557e-01
4.265999999999990422e+01 4.021000000000000085e+01 7.780731018482094363e-01 7.863391939945688636e-01
4.264199999999986801e+01 4.060999999999999943e+01 7.775642376708262749e-01 7.863841970131605352e-01
4.261199999999988819e+01 4.039000000000000057e+01 7.775167802619162849e-01 7.861560967003456968e-01
4.237399999999989575e+01 4.017000000000000171e+01 7.783264164238126170e-01 7.867056839519466216e-01
4.269799999999989382e+01 4.028000000000000114e+01 7.772768915488257324e-01 7.865167706952699289e-01
4.244399999999988893e+01 4.028000000000000114e+01 7.780358247736213206e-01 7.864410188321845352e-01
4.303799999999989723e+01 4.007000000000000028e+01 7.751191225804390239e-01 7.865683166438524054e-01
4.262199999999990041e+01 4.056000000000000227e+01 7.776147248398401768e-01 7.862190090969011225e-01
4.270999999999989427e+01 4.035000000000000142e+01 7.764258963832877392e-01 7.864311666982050086e-01
4.291399999999985937e+01 3.995000000000000284e+01 7.756797666094930044e-01 7.864824870338653628e-01
4.266199999999988535e+01 4.014000000000000057e+01 7.770832882612632719e-01 7.869973999047671365e-01
4.291399999999989490e+01 4.018999999999999773e+01 7.763816578000987123e-01 7.863896951550322090e-01
4.281799999999984152e+01 4.047999999999999687e+01 7.759398761781040044e-01 7.861294887821529409e-01
4.272999999999994003e+01 4.071999999999999886e+01 7.769570415183586487e-01 7.863643501684275394e-01
4.277599999999986835e+01 4.067999999999999972e+01 7.780284590651078691e-01 7.864577675709069071e-01
4.312999999999984624e+01 3.991000000000000369e+01 7.755010384905149934e-01 7.864993970257688760e-01
4.292399999999988580e+01 4.042000000000000171e+01 7.751228477373021120e-01 7.864074844418632582e-01
4.304599999999991411e+01 4.066000000000000369e+01 7.761251610994165384e-01 7.862684783849720471e-01
4.285199999999991860e+01 4.048999999999999488e+01 7.760058269561938005e-01 7.860452707665619432e-01
4.313399999999991508e+01 4.041000000000000369e+01 7.758088901611868149e-01 7.864058568305164476e-01
4.287599999999990530e+01 4.038000000000000256e+01 7.768452257945998030e-01 7.862280625502388043e-01
4.303399999999994208e+01 4.061999999999999744e+01 7.764925907642392655e-01 7.865664124166378279e-01
4.296199999999991803e+01 4.040000000000000568e+01 7.756807506947779318e-01 7.861368896337400658e-01
4.267399999999985027e+01 4.066000000000000369e+01 7.763434297419661290e-01 7.867671295482839833e-01
4.253599999999988768e+01 4.064000000000000057e+01 7.769606612031841886e-01 7.862767603430942387e-01
4.271199999999988250e+01 4.069999999999999574e+01 7.761350859220846887e-01 7.865007665105819834e-01
4.306799999999988415e+01 4.073999999999999488e+01 7.762349516004335426e-01 7.860374313351864428e-01
4.309799999999986397e+01 4.050000000000000000e+01 7.751328448907540691e-01 7.862153410766776762e-01
4.250199999999986744e+01 4.081000000000000227e+01 7.768355998682681118e-01 7.859766535361196738e-01
4.301399999999987500e+01 4.036999999999999744e+01 7.753413757915471605e-01 7.862022991420785090e-01
4.307199999999992457e+01 4.042000000000000171e+01 7.741122001705995626e-01 7.861793030146361216e-01
4.293999999999996220e+01 4.006000000000000227e+01 7.748731678142357637e-01 7.861620125081316690e-01
4.262599999999984846e+01 4.046000000000000085e+01 7.759594535872181842e-01 7.860998410095980660e-01
4.262999999999993861e+01 4.033999999999999631e+01 7.781588164951870334e-01 7.861206231633151020e-01
4.295599999999992491e+01 4.067999999999999972e+01 7.761544671373045157e-01 7.861942393739284052e-01
4.324999999999992895e+01 4.041000000000000369e+01 7.751030577312322256e-01 7.861339420019981539e-01
4.270999999999989427e+01 4.071000000000000085e+01 7.758379206652291638e-01 7.859922924962386981e-01
4.279199999999986659e+01 4.064999999999999858e+01 7.776202681324430044e-01 7.860159478539754385e-01
4.267399999999992843e+01 4.015000000000000568e+01 7.767326137266226116e-01 7.860051883070204859e-01
4.271799999999987563e+01 4.046999999999999886e+01 7.766178265920594681e-01 7.859135025287316001e-01
4.320399999999985852e+01 4.017000000000000171e+01 7.766305954472015882e-01 7.862110407124076605e-01
4.258199999999988705e+01 4.018999999999999773e+01 7.762979984267687206e-01 7.857155397109601980e-01
4.275799999999983214e+01 4.066000000000000369e+01 7.763356285023266246e-01 7.862341419207821147e-01
4.290599999999988512e+01 4.016000000000000369e+01 7.763161008979874156e-01 7.861918086143907525e-01
4.286599999999987176e+01 4.046000000000000085e+01 7.753287981269562090e-01 7.858161000384007444e-01
4.204199999999988080e+01 4.028000000000000114e+01 7.793578346977146909e-01 7.856391596245625442e-01
4.307799999999986085e+01 4.085999999999999943e+01 7.748318971583775250e-01 7.858544514008446447e-01
4.331999999999993634e+01 4.064999999999999858e+01 7.740927221215937459e-01 7.857747870609236296e-01
4.290199999999997260e+01 4.053999999999999915e+01 7.770036643564577350e-01 7.861935378447552081e-01
4.320199999999987028e+01 4.078999999999999915e+01 7.754309972143752505e-01 7.856953854239565604e-01
4.298599999999986210e+01 4.028999999999999915e+01 7.754440539258896647e-01 7.857913981986792695e-01
4.287799999999986511e+01 4.036999999999999744e+01 7.758656614744091629e-01 7.859451644599090292e-01
4.290399999999994662e+01 4.064999999999999858e+01 7.756001162461280130e-01 7.857359237749196312e-01
4.311399999999987642e+01 4.068999999999999773e+01 7.745497216407036811e-01 7.855448903738769806e-01
4.308399999999991792e+01 4.060000000000000142e+01 7.751365224742452487e-01 7.856244854821242685e-01
4.333199999999990837e+01 4.082999999999999829e+01 7.744533886510368559e-01 7.856816535961351766e-01
4.252799999999984948e+01 4.042000000000000171e+01 7.764007895196727294e-01 7.856617320526017023e-01
4.314599999999992974e+01 4.046000000000000085e+01 7.747211425025469778e-01 7.855739098079871363e-01
4.302799999999986369e+01 4.028999999999999915e+01 7.745553074783225744e-01 7.861891001338463525e-01
4.311599999999988597e+01 4.082999999999999829e+01 7.758997319519684854e-01 7.857127115752626789e-01
