4.941999912261962891e+01 4.997200071811676025e+01 6.936804056167602539e-01 6.932074427604675293e-01
4.938400089740753174e+01 5.028399825096130371e+01 6.935067176818847656e-01 6.931264996528625488e-01
4.982399940490722656e+01 5.059599876403808594e+01 6.932801604270935059e-01 6.930442452430725098e-01
5.056800246238708496e+01 5.069599747657775879e+01 6.932018995285034180e-01 6.929905414581298828e-01
5.034000277519226074e+01 5.096799731254577637e+01 6.930866241455078125e-01 6.929208636283874512e-01
5.044400095939636230e+01 5.125600099563598633e+01 6.930016279220581055e-01 6.928574442863464355e-01
5.117200016975402832e+01 5.150799751281738281e+01 6.928091645240783691e-01 6.927921772003173828e-01
5.144000053405761719e+01 5.173599720001220703e+01 6.927278637886047363e-01 6.927347779273986816e-01
5.152800083160400391e+01 5.192000269889831543e+01 6.926988959312438965e-01 6.926749348640441895e-01
5.219600200653076172e+01 5.188400149345397949e+01 6.925459504127502441e-01 6.926206350326538086e-01
5.191599726676940918e+01 5.209599733352661133e+01 6.925060153007507324e-01 6.925522685050964355e-01
5.171999931335449219e+01 5.228000283241271973e+01 6.923938989639282227e-01 6.924793124198913574e-01
5.233200192451477051e+01 5.257200002670288086e+01 6.923376321792602539e-01 6.924131512641906738e-01
5.213999748229980469e+01 5.254799723625183105e+01 6.922424435615539551e-01 6.923385858535766602e-01
5.224400162696838379e+01 5.272799730300903320e+01 6.921048164367675781e-01 6.922668814659118652e-01
5.279600024223327637e+01 5.294399857521057129e+01 6.918001770973205566e-01 6.921889185905456543e-01
5.335199832916259766e+01 5.317999720573425293e+01 6.918188333511352539e-01 6.921035051345825195e-01
5.303599834442138672e+01 5.327600240707397461e+01 6.916065812110900879e-01 6.920162439346313477e-01
5.309600234031677246e+01 5.350800156593322754e+01 6.915171742439270020e-01 6.919146180152893066e-01
5.337600111961364746e+01 5.353999733924865723e+01 6.914861202239990234e-01 6.918126344680786133e-01
5.317199826240539551e+01 5.388799905776977539e+01 6.914080977439880371e-01 6.917041540145874023e-01
5.344799757003784180e+01 5.401600003242492676e+01 6.911415457725524902e-01 6.916066408157348633e-01
5.413600206375122070e+01 5.442799925804138184e+01 6.909552216529846191e-01 6.914728879928588867e-01
5.457599759101867676e+01 5.471600294113159180e+01 6.907074451446533203e-01 6.913294792175292969e-01
5.457599759101867676e+01 5.506399869918823242e+01 6.905161142349243164e-01 6.911956071853637695e-01
5.478000044822692871e+01 5.514000058174133301e+01 6.901570558547973633e-01 6.910275816917419434e-01
5.491200089454650879e+01 5.443599820137023926e+01 6.901217699050903320e-01 6.908701658248901367e-01
5.525599718093872070e+01 5.516399741172790527e+01 6.898357272148132324e-01 6.906791329383850098e-01
5.548400282859802246e+01 5.603600144386291504e+01 6.895582675933837891e-01 6.904854178428649902e-01
5.580000281333923340e+01 5.591999888420104980e+01 6.891944408416748047e-01 6.902658343315124512e-01
5.584800243377685547e+01 5.650399923324584961e+01 6.889512538909912109e-01 6.900290846824645996e-01
5.626400113105773926e+01 5.623199939727783203e+01 6.887813210487365723e-01 6.897674202919006348e-01
5.704799890518188477e+01 5.603600144386291504e+01 6.882081031799316406e-01 6.894931793212890625e-01
5.663599967956542969e+01 5.790799856185913086e+01 6.880118250846862793e-01 6.891899704933166504e-01
5.761200189590454102e+01 5.543599724769592285e+01 6.874656081199645996e-01 6.888815760612487793e-01
5.785999894142150879e+01 5.777999758720397949e+01 6.869491338729858398e-01 6.884658336639404297e-01
5.801600217819213867e+01 5.582799911499023438e+01 6.864034533500671387e-01 6.881188154220581055e-01
5.771999955177307129e+01 5.831199884414672852e+01 6.861668229103088379e-01 6.875958442687988281e-01
5.815600156784057617e+01 5.982000231742858887e+01 6.854767203330993652e-01 6.871648430824279785e-01
5.957999825477600098e+01 5.769199728965759277e+01 6.847596764564514160e-01 6.865584254264831543e-01
5.866400003433227539e+01 5.954800248146057129e+01 6.840511560440063477e-01 6.861800551414489746e-01
5.952399969100952148e+01 6.029999852180480957e+01 6.835666298866271973e-01 6.852165460586547852e-01
6.038399934768676758e+01 6.058400273323059082e+01 6.825293898582458496e-01 6.844473481178283691e-01
6.036000251770019531e+01 6.092000007629394531e+01 6.812534332275390625e-01 6.835922002792358398e-01
6.060000061988830566e+01 6.137199997901916504e+01 6.802995800971984863e-01 6.828361749649047852e-01
6.103600263595581055e+01 5.906800031661987305e+01 6.791971921920776367e-01 6.816999912261962891e-01
6.114000082015991211e+01 6.025999784469604492e+01 6.777907013893127441e-01 6.804682612419128418e-01
6.137199997901916504e+01 6.146799921989440918e+01 6.763211488723754883e-01 6.790803074836730957e-01
6.194000244140625000e+01 6.245200037956237793e+01 6.749173402786254883e-01 6.776222586631774902e-01
6.265199780464172363e+01 6.069599986076354980e+01 6.728005409240722656e-01 6.762599945068359375e-01
6.225200295448303223e+01 6.327599883079528809e+01 6.710054874420166016e-01 6.743079423904418945e-01
6.301599740982055664e+01 6.206799745559692383e+01 6.688507199287414551e-01 6.724204421043395996e-01
6.334000229835510254e+01 6.340000033378601074e+01 6.662620902061462402e-01 6.700983047485351562e-01
6.363599896430969238e+01 6.318799853324890137e+01 6.640098690986633301e-01 6.678454875946044922e-01
6.399199962615966797e+01 6.275200247764587402e+01 6.611268520355224609e-01 6.656469702720642090e-01
6.377999782562255859e+01 6.376000046730041504e+01 6.585158705711364746e-01 6.625475883483886719e-01
6.452400088310241699e+01 6.416400074958801270e+01 6.551852226257324219e-01 6.595479846000671387e-01
6.480799913406372070e+01 6.474800109863281250e+01 6.513141393661499023e-01 6.562190055847167969e-01
6.503199934959411621e+01 6.480399966239929199e+01 6.474190354347229004e-01 6.529893279075622559e-01
6.574000120162963867e+01 6.585999727249145508e+01 6.431585550308227539e-01 6.486089825630187988e-01
6.611999869346618652e+01 6.619200110435485840e+01 6.386154294013977051e-01 6.445686817169189453e-01
6.681200265884399414e+01 6.678000092506408691e+01 6.340488791465759277e-01 6.399911046028137207e-01
6.719599962234497070e+01 6.737999916076660156e+01 6.289942860603332520e-01 6.353251338005065918e-01
6.787199974060058594e+01 6.768800020217895508e+01 6.242118477821350098e-01 6.305723190307617188e-01
6.823199987411499023e+01 6.697199940681457520e+01 6.177402138710021973e-01 6.278381943702697754e-01
6.873199939727783203e+01 6.855999827384948730e+01 6.126437783241271973e-01 6.196881532669067383e-01
6.917600035667419434e+01 6.858800053596496582e+01 6.061176657676696777e-01 6.150195002555847168e-01
7.006400227546691895e+01 6.939200162887573242e+01 5.998793840408325195e-01 6.088426709175109863e-01
7.035599946975708008e+01 7.016000151634216309e+01 5.943600535392761230e-01 6.016095280647277832e-01
7.045599818229675293e+01 7.072399854660034180e+01 5.877891778945922852e-01 5.954484939575195312e-01
7.144799828529357910e+01 7.132800221443176270e+01 5.806821584701538086e-01 5.887170433998107910e-01
7.174000144004821777e+01 7.194399833679199219e+01 5.743890404701232910e-01 5.820056796073913574e-01
7.239599823951721191e+01 7.239599823951721191e+01 5.671322345733642578e-01 5.754743814468383789e-01
7.269200086593627930e+01 7.186400294303894043e+01 5.615977048873901367e-01 5.727878808975219727e-01
7.305200099945068359e+01 7.317199707031250000e+01 5.538548231124877930e-01 5.631611347198486328e-01
7.388399839401245117e+01 7.359200119972229004e+01 5.466912984848022461e-01 5.563901662826538086e-01
7.426800131797790527e+01 7.437599897384643555e+01 5.394797921180725098e-01 5.484055280685424805e-01
7.433599829673767090e+01 7.486799955368041992e+01 5.339325666427612305e-01 5.416328310966491699e-01
7.516000270843505859e+01 7.477599978446960449e+01 5.257153511047363281e-01 5.377942919731140137e-01
7.550399899482727051e+01 7.589200139045715332e+01 5.199735760688781738e-01 5.283545851707458496e-01
7.598800063133239746e+01 7.641199827194213867e+01 5.130136013031005859e-01 5.222088694572448730e-01
7.648000121116638184e+01 7.679200172424316406e+01 5.067373514175415039e-01 5.165983438491821289e-01
7.674400210380554199e+01 7.488800287246704102e+01 5.003834366798400879e-01 5.256614685058593750e-01
7.716799974441528320e+01 7.720000147819519043e+01 4.941871762275695801e-01 5.036982297897338867e-01
7.739599943161010742e+01 7.793200016021728516e+01 4.884334504604339600e-01 4.973198473453521729e-01
7.806800007820129395e+01 7.679200172424316406e+01 4.806459844112396240e-01 5.043163895606994629e-01
7.826799750328063965e+01 7.830399870872497559e+01 4.743635654449462891e-01 4.902140200138092041e-01
7.839199900627136230e+01 7.792000174522399902e+01 4.705547690391540527e-01 4.898351430892944336e-01
7.874000072479248047e+01 7.879999876022338867e+01 4.655992090702056885e-01 4.794299602508544922e-01
7.917199730873107910e+01 7.922800183296203613e+01 4.603163301944732666e-01 4.706315994262695312e-01
7.940000295639038086e+01 7.938799858093261719e+01 4.544942975044250488e-01 4.690504372119903564e-01
7.962800264358520508e+01 7.975599765777587891e+01 4.503082036972045898e-01 4.645880460739135742e-01
7.993199825286865234e+01 7.987999916076660156e+01 4.446898698806762695e-01 4.564701914787292480e-01
8.000400066375732422e+01 8.020399808883666992e+01 4.406180977821350098e-01 4.537328481674194336e-01
8.055599927902221680e+01 8.040800094604492188e+01 4.355376660823822021e-01 4.480058252811431885e-01
8.054400086402893066e+01 8.052800297737121582e+01 4.318913817405700684e-01 4.456764757633209229e-01
8.082399964332580566e+01 8.068400025367736816e+01 4.270657896995544434e-01 4.428435862064361572e-01
8.079199790954589844e+01 7.953600287437438965e+01 4.244846403598785400e-01 4.535441398620605469e-01
8.137999773025512695e+01 8.113200068473815918e+01 4.179685413837432861e-01 4.354667961597442627e-01
8.162000179290771484e+01 8.119199872016906738e+01 4.165824651718139648e-01 4.298573434352874756e-01
8.173599839210510254e+01 8.151199817657470703e+01 4.114282131195068359e-01 4.275184869766235352e-01
8.192399740219116211e+01 8.169599771499633789e+01 4.092031717300415039e-01 4.242342710494995117e-01
8.172399997711181641e+01 8.164799809455871582e+01 4.065450131893157959e-01 4.207813143730163574e-01
8.240799903869628906e+01 8.180800080299377441e+01 3.999228775501251221e-01 4.166472256183624268e-01
8.233199715614318848e+01 8.185600042343139648e+01 3.993387222290039062e-01 4.144594669342041016e-01
8.245599865913391113e+01 8.145200014114379883e+01 3.950954675674438477e-01 4.202691912651062012e-01
8.267999887466430664e+01 8.191599845886230469e+01 3.901397287845611572e-01 4.091072380542755127e-01
8.309199810028076172e+01 8.237599730491638184e+01 3.890846073627471924e-01 4.074642658233642578e-01
8.297600150108337402e+01 8.232399821281433105e+01 3.868618607521057129e-01 4.034539461135864258e-01
8.336399793624877930e+01 8.254799842834472656e+01 3.826170563697814941e-01 4.042313396930694580e-01
8.331199884414672852e+01 8.251199722290039062e+01 3.805242180824279785e-01 3.985702395439147949e-01
8.353599905967712402e+01 8.069599866867065430e+01 3.787348568439483643e-01 4.232956767082214355e-01
8.358399868011474609e+01 8.278399705886840820e+01 3.763741850852966309e-01 3.948722183704376221e-01
8.357999920845031738e+01 8.209199905395507812e+01 3.729998171329498291e-01 3.996472358703613281e-01
8.394399881362915039e+01 8.296399712562561035e+01 3.713161051273345947e-01 3.924154341220855713e-01
8.400800228118896484e+01 7.998800277709960938e+01 3.686808347702026367e-01 4.328374564647674561e-01
8.386399745941162109e+01 8.314800262451171875e+01 3.665193021297454834e-01 3.871010839939117432e-01
8.411599993705749512e+01 8.309599757194519043e+01 3.640966117382049561e-01 3.842747211456298828e-01
8.429200053215026855e+01 8.307999968528747559e+01 3.612062633037567139e-01 3.841549158096313477e-01
8.399599790573120117e+01 8.325200080871582031e+01 3.604819774627685547e-01 3.839771449565887451e-01
8.444399833679199219e+01 8.297600150108337402e+01 3.576676547527313232e-01 3.878439366817474365e-01
8.461999893188476562e+01 8.290399909019470215e+01 3.559978902339935303e-01 3.891982138156890869e-01
8.480399847030639648e+01 8.320400118827819824e+01 3.528676033020019531e-01 3.834777474403381348e-01
8.484799861907958984e+01 8.276000022888183594e+01 3.526075482368469238e-01 3.893406987190246582e-01
8.478400111198425293e+01 8.299599885940551758e+01 3.497426509857177734e-01 3.790465891361236572e-01
8.493199944496154785e+01 8.356800079345703125e+01 3.499205410480499268e-01 3.728805184364318848e-01
8.507999777793884277e+01 8.349999785423278809e+01 3.455837070941925049e-01 3.764983713626861572e-01
8.528800010681152344e+01 8.358799815177917480e+01 3.438842296600341797e-01 3.726179003715515137e-01
8.529999852180480957e+01 8.368399739265441895e+01 3.416908979415893555e-01 3.751609325408935547e-01
8.520399928092956543e+01 8.356000185012817383e+01 3.408088386058807373e-01 3.756705224514007568e-01
8.539199829101562500e+01 8.383200168609619141e+01 3.385636210441589355e-01 3.690527081489562988e-01
8.534399867057800293e+01 8.341199755668640137e+01 3.378821909427642822e-01 3.761651813983917236e-01
8.566399812698364258e+01 8.389199972152709961e+01 3.366318345069885254e-01 3.664803206920623779e-01
8.567199707031250000e+01 8.286799788475036621e+01 3.338590264320373535e-01 3.862625062465667725e-01
8.585199713706970215e+01 8.408799767494201660e+01 3.335569202899932861e-01 3.653936684131622314e-01
8.591200113296508789e+01 8.428400158882141113e+01 3.301196098327636719e-01 3.593819141387939453e-01
8.605200052261352539e+01 8.391600251197814941e+01 3.278116881847381592e-01 3.681101202964782715e-01
8.592000007629394531e+01 8.410800099372863770e+01 3.284615576267242432e-01 3.583974242210388184e-01
8.614400029182434082e+01 8.432000279426574707e+01 3.264001905918121338e-01 3.565970361232757568e-01
8.615199923515319824e+01 8.423600196838378906e+01 3.235900998115539551e-01 3.568550050258636475e-01
8.619999885559082031e+01 8.434000015258789062e+01 3.229902982711791992e-01 3.557504713535308838e-01
8.633199930191040039e+01 8.432000279426574707e+01 3.213216662406921387e-01 3.550098836421966553e-01
8.630399703979492188e+01 8.344399929046630859e+01 3.186395168304443359e-01 3.664613962173461914e-01
8.633199930191040039e+01 8.442000150680541992e+01 3.195649385452270508e-01 3.539352416992187500e-01
8.643599748611450195e+01 8.455600142478942871e+01 3.168684840202331543e-01 3.534061610698699951e-01
8.673999905586242676e+01 8.451200127601623535e+01 3.158633410930633545e-01 3.508994877338409424e-01
8.665599822998046875e+01 8.130000233650207520e+01 3.140890896320343018e-01 4.051762819290161133e-01
8.655999898910522461e+01 8.376799821853637695e+01 3.124817907810211182e-01 3.603516519069671631e-01
8.674799799919128418e+01 8.339200019836425781e+01 3.115090727806091309e-01 3.656926155090332031e-01
8.696799874305725098e+01 8.455600142478942871e+01 3.106041550636291504e-01 3.490061461925506592e-01
8.691999912261962891e+01 8.441200256347656250e+01 3.096462190151214600e-01 3.558118045330047607e-01
8.710399866104125977e+01 8.441600203514099121e+01 3.072606325149536133e-01 3.545314073562622070e-01
8.706799745559692383e+01 8.477200269699096680e+01 3.073748350143432617e-01 3.460225462913513184e-01
8.698400259017944336e+01 8.428800106048583984e+01 3.041256964206695557e-01 3.571546077728271484e-01
8.725600242614746094e+01 8.478400111198425293e+01 3.041714429855346680e-01 3.454926609992980957e-01
8.724399805068969727e+01 8.418800234794616699e+01 3.035737872123718262e-01 3.532979190349578857e-01
8.719199895858764648e+01 8.485199809074401855e+01 3.024835884571075439e-01 3.435846865177154541e-01
8.748400211334228516e+01 8.435999751091003418e+01 2.985773682594299316e-01 3.527910411357879639e-01
8.746399879455566406e+01 8.490399718284606934e+01 2.981886863708496094e-01 3.421853184700012207e-01
8.743199706077575684e+01 8.484799861907958984e+01 2.971421182155609131e-01 3.440366387367248535e-01
8.769599795341491699e+01 8.485999703407287598e+01 2.966182529926300049e-01 3.441999256610870361e-01
8.749600052833557129e+01 8.482800126075744629e+01 2.955141067504882812e-01 3.421951830387115479e-01
8.749600052833557129e+01 8.497200012207031250e+01 2.957934439182281494e-01 3.430647552013397217e-01
8.794800043106079102e+01 8.488399982452392578e+01 2.906898558139801025e-01 3.454181551933288574e-01
8.750000000000000000e+01 8.492000102996826172e+01 2.930918633937835693e-01 3.404889106750488281e-01
8.775200247764587402e+01 8.516799807548522949e+01 2.903363406658172607e-01 3.409075438976287842e-01
8.780400156974792480e+01 8.508800268173217773e+01 2.909838557243347168e-01 3.410950899124145508e-01
8.795999884605407715e+01 8.514000177383422852e+01 2.878267467021942139e-01 3.382230401039123535e-01
8.787599802017211914e+01 8.518000245094299316e+01 2.876596748828887939e-01 3.381668627262115479e-01
8.790000081062316895e+01 8.435199856758117676e+01 2.865707278251647949e-01 3.537349700927734375e-01
8.806399703025817871e+01 8.500400185585021973e+01 2.856412827968597412e-01 3.426558673381805420e-01
8.840399980545043945e+01 8.515200018882751465e+01 2.841863334178924561e-01 3.375815153121948242e-01
8.827999830245971680e+01 8.519999980926513672e+01 2.837436795234680176e-01 3.373339772224426270e-01
8.818399906158447266e+01 8.513600230216979980e+01 2.817562222480773926e-01 3.402807116508483887e-01
8.823999762535095215e+01 8.526800274848937988e+01 2.818059623241424561e-01 3.366876840591430664e-01
8.855599761009216309e+01 8.528400063514709473e+01 2.805758714675903320e-01 3.362497985363006592e-01
8.836399912834167480e+01 8.531200289726257324e+01 2.800508439540863037e-01 3.364886045455932617e-01
8.883200287818908691e+01 8.529199957847595215e+01 2.756094038486480713e-01 3.352005481719970703e-01
8.867999911308288574e+01 8.483200073242187500e+01 2.772247493267059326e-01 3.451557159423828125e-01
8.844400048255920410e+01 8.537999987602233887e+01 2.785549461841583252e-01 3.342927694320678711e-01
8.852800130844116211e+01 8.391600251197814941e+01 2.772938013076782227e-01 3.635202348232269287e-01
8.847600221633911133e+01 8.317199945449829102e+01 2.756422758102416992e-01 3.746838271617889404e-01
8.857200145721435547e+01 8.469600081443786621e+01 2.741307020187377930e-01 3.426710963249206543e-01
8.857600092887878418e+01 8.442400097846984863e+01 2.732832133769989014e-01 3.463420569896697998e-01
8.876799941062927246e+01 8.542400002479553223e+01 2.704657018184661865e-01 3.336955010890960693e-01
8.878800272941589355e+01 8.345999717712402344e+01 2.722867131233215332e-01 3.729847669601440430e-01
8.893200159072875977e+01 8.527600169181823730e+01 2.687857151031494141e-01 3.366910517215728760e-01
8.904799818992614746e+01 8.527200222015380859e+01 2.687058448791503906e-01 3.347034454345703125e-01
8.896399736404418945e+01 8.524000048637390137e+01 2.667059302330017090e-01 3.348506689071655273e-01
8.904399871826171875e+01 8.538399934768676758e+01 2.668922841548919678e-01 3.339259326457977295e-01
8.913199901580810547e+01 8.363999724388122559e+01 2.651362419128417969e-01 3.620005548000335693e-01
8.909199833869934082e+01 8.519600033760070801e+01 2.660838365554809570e-01 3.344253003597259521e-01
8.933200240135192871e+01 8.414400219917297363e+01 2.648063004016876221e-01 3.547127842903137207e-01
8.931199908256530762e+01 8.321599960327148438e+01 2.627903223037719727e-01 3.769856691360473633e-01
8.923599720001220703e+01 8.458799719810485840e+01 2.628777027130126953e-01 3.497394919395446777e-01
8.927199840545654297e+01 8.536400198936462402e+01 2.616669833660125732e-01 3.331707417964935303e-01
8.938800096511840820e+01 8.492000102996826172e+01 2.611768841743469238e-01 3.371325135231018066e-01
8.939999938011169434e+01 8.407199978828430176e+01 2.608130872249603271e-01 3.598971068859100342e-01
8.933200240135192871e+01 8.546800017356872559e+01 2.595455944538116455e-01 3.314539790153503418e-01
8.934400081634521484e+01 8.526399731636047363e+01 2.588438987731933594e-01 3.361286818981170654e-01
