
0.6971  0.5020  0.6957  0.5062
0.6969  0.4976  0.6957  0.5078
0.6966  0.5003  0.6957  0.5079
0.6964  0.5009  0.6957  0.5056
0.6960  0.5063  0.6957  0.5012
0.6962  0.5015  0.6957  0.5006
0.6964  0.4991  0.6956  0.5003
0.6961  0.5024  0.6956  0.5019
0.6961  0.4992  0.6956  0.5012
0.6958  0.5052  0.6956  0.5015
0.6958  0.5076  0.6956  0.5018
0.6960  0.5041  0.6956  0.5019
0.6957  0.5058  0.6956  0.5008
0.6960  0.5004  0.6956  0.5008
0.6959  0.5026  0.6956  0.5005
0.6958  0.5084  0.6956  0.5002
0.6957  0.5009  0.6956  0.4995
0.6958  0.5059  0.6956  0.4997
0.6957  0.5062  0.6956  0.5009
0.6958  0.4996  0.6956  0.5017
0.6957  0.5041  0.6956  0.5014
0.6957  0.5075  0.6956  0.5016
0.6957  0.5050  0.6956  0.5015
0.6955  0.5122  0.6956  0.5014
0.6957  0.5038  0.6956  0.5014
0.6957  0.5076  0.6956  0.5018
0.6957  0.5048  0.6956  0.5020
0.6956  0.5080  0.6956  0.5016
0.6956  0.5066  0.6956  0.5015
0.6958  0.5041  0.6956  0.5024
0.6955  0.5097  0.6956  0.5019
0.6955  0.5102  0.6956  0.5018
0.6957  0.5065  0.6955  0.5018
0.6956  0.5068  0.6955  0.5021
0.6955  0.5086  0.6955  0.5021
0.6955  0.5108  0.6955  0.5020
0.6955  0.5115  0.6955  0.5020
0.6956  0.5111  0.6955  0.5016
0.6954  0.5128  0.6955  0.5014
0.6954  0.5154  0.6955  0.5024
0.6955  0.5104  0.6955  0.5034
0.6954  0.5142  0.6955  0.5034
0.6953  0.5134  0.6955  0.5039
0.6955  0.5088  0.6955  0.5032
0.6955  0.5095  0.6955  0.5031
0.6955  0.5102  0.6955  0.5041
0.6954  0.5094  0.6955  0.5038
0.6955  0.5116  0.6954  0.5046
0.6953  0.5134  0.6954  0.5047
0.6954  0.5122  0.6954  0.5052
0.6952  0.5180  0.6954  0.5065
0.6952  0.5166  0.6954  0.5094
0.6952  0.5166  0.6954  0.5094
0.6953  0.5141  0.6954  0.5099
0.6952  0.5166  0.6953  0.5116
0.6952  0.5186  0.6953  0.5107
0.6951  0.5174  0.6953  0.5106
0.6952  0.5157  0.6953  0.5123
0.6949  0.5236  0.6952  0.5139
0.6953  0.5168  0.6952  0.5113
0.6951  0.5214  0.6952  0.5134
0.6950  0.5202  0.6952  0.5140
0.6950  0.5182  0.6951  0.5145
0.6949  0.5231  0.6951  0.5170
0.6951  0.5153  0.6951  0.5150
0.6949  0.5208  0.6950  0.5180
0.6947  0.5267  0.6950  0.5182
0.6947  0.5290  0.6950  0.5194
0.6947  0.5222  0.6949  0.5237
0.6947  0.5204  0.6949  0.5228
0.6947  0.5201  0.6948  0.5223
0.6949  0.5195  0.6948  0.5205
0.6944  0.5313  0.6947  0.5235
0.6944  0.5310  0.6947  0.5243
0.6944  0.5247  0.6946  0.5248
0.6947  0.5227  0.6946  0.5252
0.6944  0.5294  0.6945  0.5262
0.6943  0.5299  0.6944  0.5264
0.6942  0.5338  0.6944  0.5268
0.6943  0.5303  0.6943  0.5286
0.6940  0.5344  0.6942  0.5283
0.6940  0.5299  0.6941  0.5286
0.6941  0.5306  0.6940  0.5294
0.6938  0.5350  0.6939  0.5298
0.6940  0.5307  0.6938  0.5316
0.6934  0.5368  0.6937  0.5332
0.6934  0.5390  0.6936  0.5332
0.6934  0.5376  0.6935  0.5333
0.6931  0.5434  0.6932  0.5372
0.6931  0.5434  0.6931  0.5377
0.6930  0.5431  0.6930  0.5358
0.6928  0.5434  0.6928  0.5393
0.6924  0.5482  0.6926  0.5412
0.6927  0.5419  0.6923  0.5516
0.6926  0.5450  0.6921  0.5452
0.6922  0.5438  0.6920  0.5432
0.6920  0.5508  0.6917  0.5462
0.6915  0.5494  0.6914  0.5471
0.6911  0.5538  0.6909  0.5566
0.6910  0.5519  0.6907  0.5520
0.6908  0.5589  0.6904  0.5509
0.6904  0.5582  0.6898  0.5595
0.6901  0.5622  0.6893  0.5634
0.6894  0.5627  0.6885  0.5816
0.6890  0.5639  0.6882  0.5691
0.6886  0.5720  0.6874  0.5776
0.6880  0.5717  0.6869  0.5770
0.6873  0.5772  0.6862  0.5766
0.6870  0.5756  0.6855  0.5780
0.6862  0.5756  0.6841  0.5970
0.6857  0.5818  0.6834  0.5956
0.6843  0.5837  0.6822  0.6026
0.6834  0.5871  0.6814  0.5986
0.6827  0.5887  0.6808  0.5910
0.6806  0.5973  0.6787  0.6062
0.6796  0.5976  0.6769  0.6181
0.6788  0.5987  0.6756  0.6166
0.6773  0.6032  0.6740  0.6162
0.6757  0.6064  0.6718  0.6292
0.6741  0.6102  0.6707  0.6192
0.6715  0.6143  0.6687  0.6191
0.6694  0.6206  0.6652  0.6370
0.6670  0.6221  0.6626  0.6363
0.6652  0.6264  0.6598  0.6452
0.6632  0.6280  0.6576  0.6439
0.6604  0.6294  0.6565  0.6383
0.6573  0.6387  0.6502  0.6594
0.6541  0.6439  0.6487  0.6534
0.6508  0.6462  0.6428  0.6664
0.6468  0.6507  0.6381  0.6716
0.6430  0.6552  0.6344  0.6766
0.6384  0.6628  0.6292  0.6803
0.6340  0.6700  0.6240  0.6866
0.6294  0.6702  0.6185  0.6922
0.6261  0.6759  0.6159  0.6931
0.6196  0.6816  0.6097  0.6988
0.6143  0.6882  0.6017  0.7117
0.6086  0.6922  0.5985  0.7057
0.6031  0.7002  0.5878  0.7216
0.5968  0.7072  0.5822  0.7241
0.5901  0.7096  0.5781  0.7233
0.5832  0.7162  0.5667  0.7387
0.5767  0.7242  0.5585  0.7461
0.5684  0.7311  0.5510  0.7507
0.5604  0.7380  0.5423  0.7575
0.5533  0.7410  0.5365  0.7589
0.5456  0.7461  0.5265  0.7690
0.5391  0.7509  0.5212  0.7691
0.5301  0.7604  0.5109  0.7781
0.5226  0.7634  0.5010  0.7858
0.5174  0.7674  0.4930  0.7918
0.5066  0.7734  0.4889  0.7893
0.4987  0.7780  0.4785  0.7984
0.4917  0.7820  0.4714  0.8038
0.4865  0.7855  0.4728  0.7982
0.4778  0.7909  0.4553  0.8146
0.4731  0.7933  0.4494  0.8156
0.4663  0.8008  0.4430  0.8178
0.4592  0.8031  0.4385  0.8207
0.4541  0.8051  0.4307  0.8250
0.4477  0.8117  0.4257  0.8262
0.4425  0.8110  0.4207  0.8293
0.4355  0.8176  0.4144  0.8317
0.4340  0.8151  0.4136  0.8327
0.4294  0.8177  0.4062  0.8361
0.4228  0.8232  0.4046  0.8376
0.4217  0.8228  0.3986  0.8398
0.4155  0.8268  0.3973  0.8383
0.4138  0.8276  0.4056  0.8336
0.4091  0.8292  0.3900  0.8423
0.4009  0.8335  0.3874  0.8413
0.4012  0.8317  0.3843  0.8447
0.3988  0.8342  0.3800  0.8474
0.3954  0.8363  0.3754  0.8504
0.3929  0.8388  0.3742  0.8521
0.3888  0.8398  0.3702  0.8536
0.3870  0.8419  0.3768  0.8466
0.3803  0.8442  0.3639  0.8555
0.3811  0.8485  0.3621  0.8563
0.3781  0.8469  0.3596  0.8582
0.3757  0.8477  0.3699  0.8508
0.3725  0.8500  0.3557  0.8593
0.3705  0.8491  0.3646  0.8528
0.3675  0.8520  0.3707  0.8480
0.3637  0.8548  0.3487  0.8629
0.3591  0.8563  0.3462  0.8635
0.3584  0.8556  0.3448  0.8640
0.3567  0.8579  0.3422  0.8658
0.3555  0.8550  0.3406  0.8671
0.3487  0.8616  0.3430  0.8630
0.3484  0.8622  0.3400  0.8660
0.3475  0.8611  0.3362  0.8686
0.3458  0.8624  0.3360  0.8675
0.3430  0.8617  0.3356  0.8682
0.3409  0.8656  0.3537  0.8554
0.3362  0.8668  0.3304  0.8688
0.3354  0.8668  0.3286  0.8724
0.3359  0.8682  0.3398  0.8634
0.3358  0.8672  0.3273  0.8725
0.3341  0.8680  0.3242  0.8746
0.3308  0.8696  0.3293  0.8703
0.3270  0.8735  0.3236  0.8710
0.3281  0.8686  0.3204  0.8757
0.3221  0.8759  0.3225  0.8744
0.3237  0.8736  0.3451  0.8585
0.3217  0.8757  0.3166  0.8776
0.3230  0.8742  0.3153  0.8763
0.3216  0.8765  0.3140  0.8782
0.3184  0.8770  0.3313  0.8655
0.3166  0.8779  0.3129  0.8789
0.3142  0.8783  0.3147  0.8758
0.3128  0.8792  0.3105  0.8780
0.3116  0.8793  0.3115  0.8772
0.3099  0.8814  0.3101  0.8797
0.3085  0.8802  0.3188  0.8745
0.3101  0.8808  0.3071  0.8795
0.3058  0.8828  0.3214  0.8720
0.3047  0.8818  0.3055  0.8805
0.3056  0.8821  0.3040  0.8800
0.3017  0.8839  0.3029  0.8808
0.3030  0.8845  0.3032  0.8817
0.2971  0.8875  0.3117  0.8785
0.2973  0.8871  0.3013  0.8817
0.2979  0.8837  0.3013  0.8826
0.2973  0.8846  0.3303  0.8675
0.2949  0.8874  0.2988  0.8824
0.2937  0.8869  0.2991  0.8834
0.2912  0.8895  0.2997  0.8826
0.2926  0.8898  0.2975  0.8835
0.2901  0.8890  0.2965  0.8831
0.2885  0.8918  0.3018  0.8806
0.2885  0.8904  0.3028  0.8812
0.2863  0.8923  0.2960  0.8845
0.2833  0.8932  0.3007  0.8821
0.2855  0.8926  0.2976  0.8828
0.2868  0.8912  0.2941  0.8850
0.2851  0.8933  0.2936  0.8856
0.2838  0.8953  0.2973  0.8841
0.2817  0.8941  0.2943  0.8839
0.2797  0.8959  0.2923  0.8854
0.2811  0.8956  0.2908  0.8860
0.2772  0.8960  0.2911  0.8867
0.2809  0.8937  0.2976  0.8834
0.2749  0.8978  0.2917  0.8863
0.2773  0.8957  0.2925  0.8861
0.2751  0.8968  0.2888  0.8868
0.2771  0.8964  0.3044  0.8772
0.2722  0.8981  0.2902  0.8876
0.2710  0.8998  0.2925  0.8858
0.2742  0.8974  0.2891  0.8879
0.2708  0.9002  0.2872  0.8881
0.2695  0.8986  0.2946  0.8848
0.2706  0.8984  0.2893  0.8870
0.2694  0.9008  0.2865  0.8882
0.2652  0.9003  0.2881  0.8871
0.2687  0.9008  0.2877  0.8864
0.2677  0.8997  0.2879  0.8858
0.2629  0.9032  0.2920  0.8842
0.2623  0.9051  0.2936  0.8850
0.2658  0.9015  0.2882  0.8859
0.2612  0.9056  0.2863  0.8880
0.2621  0.9028  0.2857  0.8883
0.2584  0.9058  0.2982  0.8827
0.2637  0.9020  0.2835  0.8902
0.2630  0.9007  0.2831  0.8897
0.2565  0.9059  0.2856  0.8893
0.2576  0.9062  0.2838  0.8892
0.2574  0.9059  0.2896  0.8869
0.2558  0.9054  0.2829  0.8901
0.2574  0.9048  0.2827  0.8905
0.2555  0.9062  0.2871  0.8880
0.2509  0.9080  0.2886  0.8872
0.2512  0.9094  0.2814  0.8902
0.2549  0.9070  0.2820  0.8893
0.2547  0.9060  0.2841  0.8897
0.2528  0.9076  0.2823  0.8906
0.2501  0.9094  0.2857  0.8887
0.2506  0.9098  0.2821  0.8903
0.2506  0.9081  0.2808  0.8913
0.2473  0.9102  0.2799  0.8903
0.2480  0.9108  0.2808  0.8895
0.2482  0.9098  0.2858  0.8870
0.2463  0.9102  0.2804  0.8914
0.2475  0.9113  0.2793  0.8901
0.2428  0.9126  0.2807  0.8908
0.2445  0.9113  0.2790  0.8907
0.2460  0.9108  0.2791  0.8911
0.2423  0.9133  0.2814  0.8904
0.2429  0.9110  0.2797  0.8909
0.2436  0.9116  0.2780  0.8916
0.2420  0.9115  0.2805  0.8906
0.2403  0.9134  0.2785  0.8915
0.2417  0.9129  0.2779  0.8914
0.2409  0.9124  0.2843  0.8884
0.2396  0.9134  0.2777  0.8917
0.2360  0.9146  0.2789  0.8910
0.2372  0.9155  0.2781  0.8916
0.2361  0.9154  0.2778  0.8910
0.2378  0.9150  0.2784  0.8911
0.2366  0.9144  0.2779  0.8917