5.222399902343750000e+01 5.621600341796875000e+01 1.017830606698989948e+00 7.166088474988937529e-01
5.400799942016601562e+01 5.875199890136718750e+01 7.246273362636566073e-01 7.331004873514175291e-01
5.443599700927734375e+01 6.057999801635742188e+01 7.004065674543380471e-01 7.194197193384170852e-01
5.549200057983398438e+01 6.351600265502929688e+01 6.935810391902923477e-01 7.097387453317641759e-01
5.828400421142578125e+01 6.524400329589843750e+01 6.858940576314925819e-01 7.007299184799193892e-01
5.982800292968750000e+01 6.813200378417968750e+01 6.792316896915435720e-01 6.890995426177978223e-01
6.169999694824218750e+01 7.042800140380859375e+01 6.700263628959656215e-01 6.724819930791854361e-01
6.277999877929687500e+01 7.259600067138671875e+01 6.633939722776412973e-01 6.606733045578002672e-01
6.381599807739257812e+01 7.282400512695312500e+01 6.552873123884200846e-01 6.526083532571792523e-01
6.566400146484375000e+01 7.271599578857421875e+01 6.461201283931732320e-01 6.472145161628722887e-01
6.619999694824218750e+01 7.655599975585937500e+01 6.406340339183806964e-01 6.257187653779983094e-01
6.758399963378906250e+01 7.622399902343750000e+01 6.299959888458251944e-01 6.213772660493850353e-01
6.873600006103515625e+01 7.754399871826171875e+01 6.197260456085205149e-01 6.103111505508422852e-01
6.772000122070312500e+01 7.895200347900390625e+01 6.165947452783584470e-01 5.910440984964370204e-01
6.957600402832031250e+01 7.875199890136718750e+01 6.058497742414474807e-01 5.838978884220122900e-01
6.943199920654296875e+01 8.048400115966796875e+01 6.004308443069458212e-01 5.675292933583259147e-01
7.042000579833984375e+01 8.058000183105468750e+01 5.911434146165848169e-01 5.622157213091850680e-01
7.077600097656250000e+01 8.053600311279296875e+01 5.820765840411186165e-01 5.571589962840080013e-01
7.192800140380859375e+01 8.038399505615234375e+01 5.767238199114799180e-01 5.472484053373336543e-01
7.174400329589843750e+01 8.191999816894531250e+01 5.708364766240120458e-01 5.293752003312111043e-01
7.287999725341796875e+01 8.212000274658203125e+01 5.606270923018455976e-01 5.260356621742248162e-01
7.282800292968750000e+01 8.131600189208984375e+01 5.572406230568885954e-01 5.236221367716789032e-01
7.318800354003906250e+01 8.176799774169921875e+01 5.508247711658478263e-01 5.154647141695022361e-01
7.369999694824218750e+01 8.180799865722656250e+01 5.457782458662986391e-01 5.096873703598976402e-01
7.432800292968750000e+01 8.167199707031250000e+01 5.380312687754631451e-01 5.078342536091804416e-01
7.438800048828125000e+01 8.316400146484375000e+01 5.342453249692916684e-01 4.852454523444175716e-01
7.487599945068359375e+01 8.204399871826171875e+01 5.307321079969405941e-01 4.975741696953773774e-01
7.481200408935546875e+01 8.175199890136718750e+01 5.254574997425078831e-01 4.957395973801612676e-01
7.505200195312500000e+01 8.352400207519531250e+01 5.214909463524818323e-01 4.787128927707672288e-01
7.542799377441406250e+01 8.325199890136718750e+01 5.172351118326187214e-01 4.779053673148155323e-01
7.623199462890625000e+01 8.306000518798828125e+01 5.090963773131370607e-01 4.734209655523300420e-01
7.613199615478515625e+01 8.306000518798828125e+01 5.081575760841369194e-01 4.708266800642013639e-01
7.592800140380859375e+01 8.344400024414062500e+01 5.057693211436271596e-01 4.661111790537834088e-01
7.596799468994140625e+01 8.348799896240234375e+01 4.992899287343025017e-01 4.638060119152069283e-01
7.611199951171875000e+01 8.369599914550781250e+01 4.993632537722587639e-01 4.596956479549407781e-01
7.631600189208984375e+01 8.354399871826171875e+01 4.949511755704879556e-01 4.572189840078353940e-01
7.633200073242187500e+01 8.291199493408203125e+01 4.935539050698280472e-01 4.585485756397247314e-01
7.676399993896484375e+01 8.414400482177734375e+01 4.869106951951980844e-01 4.471935225725173768e-01
7.768000030517578125e+01 8.419599914550781250e+01 4.815509498119354137e-01 4.429269081950187870e-01
7.728800201416015625e+01 8.426000213623046875e+01 4.815522153973579300e-01 4.485183943510055449e-01
7.707599639892578125e+01 8.331999969482421875e+01 4.821844644546508518e-01 4.507832098603248849e-01
7.729199981689453125e+01 8.377199554443359375e+01 4.761818666458129679e-01 4.461592876911163463e-01
7.804800415039062500e+01 8.429599761962890625e+01 4.702452027201652340e-01 4.400860473513603099e-01
7.812799835205078125e+01 8.390799713134765625e+01 4.667713449597358788e-01 4.411211461424827673e-01
7.817599487304687500e+01 8.393599700927734375e+01 4.680042562484741375e-01 4.389532979130744694e-01
7.821199798583984375e+01 8.418000030517578125e+01 4.650006507039070036e-01 4.353368656635284162e-01
7.794000244140625000e+01 8.430799865722656250e+01 4.613620177507400388e-01 4.343318031430244419e-01
7.861199951171875000e+01 8.364400482177734375e+01 4.577256090641021458e-01 4.382520911097526617e-01
7.830799865722656250e+01 8.390399932861328125e+01 4.605607428550720361e-01 4.385379328131675525e-01
7.783599853515625000e+01 8.416400146484375000e+01 4.612109667658805812e-01 4.332424945235252567e-01
7.854800415039062500e+01 8.431999969482421875e+01 4.535221144556998984e-01 4.323866021633148149e-01
7.875999450683593750e+01 8.397599792480468750e+01 4.514420288205146514e-01 4.305790724158287119e-01
7.864800262451171875e+01 8.402400207519531250e+01 4.504988949894905281e-01 4.272176345586776725e-01
7.851999664306640625e+01 8.466400146484375000e+01 4.482711446881294526e-01 4.281914440989494364e-01
7.903599548339843750e+01 8.384799957275390625e+01 4.426910889744758437e-01 4.239552866816520549e-01
7.937999725341796875e+01 8.385599517822265625e+01 4.408192437291145183e-01 4.254100512862205585e-01
7.941999816894531250e+01 8.437200164794921875e+01 4.410000903010368178e-01 4.285279361009597943e-01
7.960800170898437500e+01 8.417599487304687500e+01 4.357031149268150161e-01 4.312578536272048679e-01
7.945999908447265625e+01 8.431199645996093750e+01 4.356540686488151737e-01 4.254108005166054030e-01
7.946399688720703125e+01 8.382800292968750000e+01 4.325983898639678693e-01 4.225252826213836688e-01
7.957599639892578125e+01 8.445600128173828125e+01 4.306890872716903629e-01 4.160200819969177011e-01
7.927200317382812500e+01 8.408399963378906250e+01 4.314037227630615479e-01 4.214870489239692652e-01
7.947999572753906250e+01 8.443599700927734375e+01 4.268440106511116050e-01 4.184449612498283289e-01
7.946800231933593750e+01 8.421599578857421875e+01 4.264225198030471842e-01 4.247314272522926260e-01
7.993599700927734375e+01 8.420400238037109375e+01 4.210718290209770065e-01 4.188096131086349594e-01
7.986000061035156250e+01 8.419200134277343750e+01 4.238867664933204660e-01 4.183624982237815759e-01
7.983599853515625000e+01 8.391999816894531250e+01 4.210516782402992098e-01 4.198950126767158619e-01
7.983999633789062500e+01 8.376799774169921875e+01 4.190280434489250250e-01 4.216979809403419432e-01
7.960399627685546875e+01 8.469200134277343750e+01 4.199566899538040299e-01 4.142033083438873553e-01
8.003200531005859375e+01 8.385199737548828125e+01 4.166396167278289542e-01 4.212247638702392716e-01
8.042399597167968750e+01 8.452799987792968750e+01 4.116467092037200959e-01 4.180785057544708083e-01
7.989199829101562500e+01 8.456400299072265625e+01 4.131187234520912188e-01 4.198869810104370326e-01
8.036800384521484375e+01 8.455200195312500000e+01 4.119584239721298391e-01 4.186867318153381090e-01
7.962800598144531250e+01 8.447200012207031250e+01 4.160076073408126573e-01 4.118450531363487266e-01
8.030799865722656250e+01 8.428400421142578125e+01 4.085319990515708932e-01 4.124864689111709670e-01
7.984399414062500000e+01 8.438400268554687500e+01 4.089714215993880964e-01 4.123344730734825325e-01
8.044799804687500000e+01 8.420400238037109375e+01 4.035971249938011263e-01 4.184995183944701935e-01
8.018800354003906250e+01 8.470400238037109375e+01 4.079850620031356678e-01 4.104484228193759909e-01
8.040399932861328125e+01 8.427199554443359375e+01 4.024020461440086516e-01 4.147709168791771095e-01
8.076399993896484375e+01 8.472800445556640625e+01 4.019552600979804935e-01 4.090967506170272716e-01
8.011599731445312500e+01 8.466400146484375000e+01 4.046403294801712014e-01 4.086545342803001302e-01
8.088399505615234375e+01 8.365599822998046875e+01 3.984074039459228334e-01 4.160486757159232996e-01
8.076000213623046875e+01 8.447599792480468750e+01 3.959986549615859830e-01 4.123844335675239670e-01
8.067600250244140625e+01 8.485199737548828125e+01 3.939178642034530387e-01 4.174174132943153648e-01
8.054399871826171875e+01 8.433999633789062500e+01 3.970504408478736647e-01 4.084574248790741047e-01
8.054399871826171875e+01 8.428800201416015625e+01 3.952170652151107966e-01 4.150276063084602507e-01
8.069999694824218750e+01 8.474800109863281250e+01 3.912963863611221282e-01 4.106895916759967791e-01
8.069599914550781250e+01 8.415599822998046875e+01 3.926159002780914564e-01 4.083463160991668839e-01
8.101200103759765625e+01 8.387200164794921875e+01 3.909988582730293261e-01 4.095742563605308528e-01
8.081600189208984375e+01 8.472000122070312500e+01 3.897860851287841544e-01 4.091913244426250706e-01
8.074399566650390625e+01 8.442800140380859375e+01 3.878317635655403328e-01 4.153288225531577837e-01
8.115200042724609375e+01 8.437200164794921875e+01 3.851949175298213790e-01 4.078010839521885034e-01
8.105599975585937500e+01 8.422799682617187500e+01 3.862751586437225271e-01 4.120287120938301295e-01
8.137999725341796875e+01 8.430400085449218750e+01 3.830308867692947539e-01 4.209484876990318147e-01
8.097200012207031250e+01 8.476799774169921875e+01 3.831440156102180472e-01 4.150103359222412358e-01
8.086399841308593750e+01 8.440799713134765625e+01 3.830560437440871935e-01 4.084136837720870883e-01
8.147200012207031250e+01 8.388000488281250000e+01 3.809481447041034863e-01 4.092805087566375732e-01
8.123200225830078125e+01 8.442800140380859375e+01 3.798803938627243193e-01 4.088802787065505817e-01
8.101200103759765625e+01 8.444000244140625000e+01 3.802691556215286317e-01 4.080388313531875810e-01
8.107200622558593750e+01 8.437200164794921875e+01 3.808179360628127785e-01 4.088821572959422945e-01
8.118000030517578125e+01 8.387599945068359375e+01 3.759093083143233982e-01 4.096119173765182531e-01
8.149600219726562500e+01 8.455599975585937500e+01 3.740635743737220631e-01 4.078889377713203479e-01
8.154000091552734375e+01 8.459999847412109375e+01 3.757221806943416564e-01 4.102344845235347814e-01
8.122799682617187500e+01 8.407199859619140625e+01 3.767873726189136518e-01 4.086887508630752674e-01
8.170800018310546875e+01 8.445199584960937500e+01 3.718491505384445284e-01 4.070027956962585236e-01
8.163200378417968750e+01 8.454399871826171875e+01 3.729537497758865228e-01 4.052163074016570943e-01
8.144400024414062500e+01 8.492400360107421875e+01 3.747909868955612289e-01 4.068426291048526933e-01
8.106399536132812500e+01 8.395999908447265625e+01 3.746719990670681066e-01 4.072531308531761041e-01
8.152400207519531250e+01 8.460400390625000000e+01 3.702802318930625836e-01 4.072527903914451852e-01
8.104000091552734375e+01 8.380400085449218750e+01 3.731498862206935607e-01 4.075125877261162044e-01
8.155599975585937500e+01 8.477600097656250000e+01 3.686420607566833763e-01 4.102485421299934543e-01
8.168799591064453125e+01 8.343599700927734375e+01 3.674599603414535620e-01 4.105240652561187864e-01
8.146799468994140625e+01 8.400400543212890625e+01 3.698884743154048915e-01 4.072096128761768519e-01
8.175600433349609375e+01 8.373600006103515625e+01 3.663872822523117079e-01 4.103210715651512408e-01
8.160799407958984375e+01 8.357199859619140625e+01 3.656189893484115827e-01 4.103606797456741395e-01
8.170400238037109375e+01 8.374800109863281250e+01 3.649937288463115936e-01 4.102853132784366474e-01
8.171199798583984375e+01 8.423999786376953125e+01 3.660025006234645661e-01 4.102756649851799220e-01
8.173600006103515625e+01 8.334400177001953125e+01 3.632286526858806708e-01 4.138250183463096366e-01
8.192800140380859375e+01 8.450800323486328125e+01 3.616977740228176086e-01 4.074288431406021260e-01
8.219599914550781250e+01 8.439199829101562500e+01 3.627847967445850252e-01 4.114639646708965204e-01
8.157600402832031250e+01 8.481199645996093750e+01 3.625054595470428298e-01 4.151740186810493616e-01
8.184799957275390625e+01 8.425199890136718750e+01 3.613938957750797432e-01 4.097855375111102982e-01
8.200000000000000000e+01 8.458799743652343750e+01 3.611203652620315618e-01 4.202154673933982676e-01
8.161600494384765625e+01 8.420400238037109375e+01 3.625682058632374027e-01 4.121614431142807122e-01
8.190399932861328125e+01 8.444799804687500000e+01 3.602080181241035239e-01 4.095061163306236152e-01
8.184799957275390625e+01 8.423200225830078125e+01 3.573993182778358313e-01 4.176791515946388089e-01
8.201599884033203125e+01 8.455999755859375000e+01 3.585344967246055781e-01 4.211204352974891596e-01
8.175199890136718750e+01 8.382400512695312500e+01 3.555665983557700915e-01 4.150685753822326851e-01
8.196399688720703125e+01 8.458399963378906250e+01 3.554518532156944466e-01 4.140910199880599718e-01
8.203600311279296875e+01 8.385199737548828125e+01 3.570003229677677359e-01 4.100810443162918317e-01
8.149600219726562500e+01 8.408399963378906250e+01 3.569937842488288826e-01 4.097721301913261338e-01
8.231600189208984375e+01 8.400400543212890625e+01 3.522434501945972407e-01 4.097150403559207676e-01
8.232799530029296875e+01 8.444000244140625000e+01 3.551692269146442538e-01 4.120803235769271988e-01
8.169200134277343750e+01 8.402799987792968750e+01 3.554498723149299710e-01 4.086437750160694105e-01
8.216799926757812500e+01 8.418400573730468750e+01 3.523526823818683429e-01 4.096420895159244568e-01
8.199199676513671875e+01 8.425599670410156250e+01 3.529661518037319201e-01 4.081550504863262208e-01
8.233200073242187500e+01 8.408399963378906250e+01 3.518783679008483656e-01 4.152554441392421469e-01
8.150000000000000000e+01 8.394000244140625000e+01 3.684171426892280388e-01 4.207779219150543093e-01
8.207600402832031250e+01 8.441200256347656250e+01 3.533782945275306675e-01 4.111989797651767753e-01
8.220800018310546875e+01 8.383200073242187500e+01 3.522268443405628391e-01 4.120868768393993187e-01
8.202400207519531250e+01 8.443199920654296875e+01 3.504370267689227991e-01 4.139825750589370967e-01
8.236799621582031250e+01 8.330000305175781250e+01 3.479128877520561436e-01 4.343181560635566707e-01
8.214399719238281250e+01 8.426799774169921875e+01 3.465353363156318811e-01 4.112582590281963490e-01
8.243199920654296875e+01 8.392400360107421875e+01 3.476403325498104158e-01 4.096399696469306684e-01
8.241999816894531250e+01 8.422799682617187500e+01 3.463906053602695545e-01 4.113250788748264442e-01
8.237599945068359375e+01 8.372000122070312500e+01 3.436316381692886557e-01 4.093608716130256453e-01
8.203199768066406250e+01 8.349600219726562500e+01 3.467756112813949465e-01 4.081377233862876763e-01
8.230000305175781250e+01 8.418400573730468750e+01 3.485158310532570081e-01 4.127433650791644815e-01
8.248799896240234375e+01 8.443199920654296875e+01 3.434038452208041936e-01 4.106839712262153608e-01
8.202799987792968750e+01 8.415599822998046875e+01 3.494372808933258190e-01 4.179469425976276575e-01
8.269599914550781250e+01 8.425599670410156250e+01 3.404836032986641170e-01 4.111122652590274984e-01
8.255599975585937500e+01 8.437200164794921875e+01 3.435094221830368166e-01 4.184581508636474600e-01
8.240000152587890625e+01 8.392800140380859375e+01 3.429536903798580116e-01 4.099494980275630862e-01
8.229600524902343750e+01 8.408399963378906250e+01 3.440665730834007174e-01 4.153135567605495404e-01
8.259199523925781250e+01 8.422000122070312500e+01 3.428658321499824524e-01 4.106436045765876619e-01
8.258399963378906250e+01 8.439599609375000000e+01 3.426327738761901776e-01 4.121078405082225782e-01
8.274000549316406250e+01 8.441999816894531250e+01 3.386868153810501103e-01 4.122011939287185678e-01
8.294000244140625000e+01 8.354799652099609375e+01 3.379867155551910529e-01 4.120089517831802550e-01
8.255599975585937500e+01 8.414400482177734375e+01 3.394588151276111687e-01 4.125979453325271384e-01
8.222000122070312500e+01 8.402400207519531250e+01 3.410479629337787588e-01 4.108872787654400116e-01
8.247200012207031250e+01 8.314800262451171875e+01 3.384437932670116278e-01 4.189743694663047857e-01
8.255199432373046875e+01 8.443599700927734375e+01 3.371630174517631362e-01 4.236233837306499495e-01
8.246399688720703125e+01 8.404000091552734375e+01 3.374212100505828982e-01 4.167477050721645204e-01
8.299600219726562500e+01 8.378800201416015625e+01 3.320774641633033597e-01 4.137621128261089187e-01
8.281999969482421875e+01 8.437200164794921875e+01 3.343137338161468741e-01 4.201486194133758345e-01
8.289199829101562500e+01 8.421599578857421875e+01 3.354087821245193557e-01 4.147167443335056380e-01
8.270400238037109375e+01 8.406400299072265625e+01 3.349495146572589732e-01 4.136859095394611607e-01
8.338000488281250000e+01 8.429599761962890625e+01 3.315708563923835950e-01 4.208896145224571006e-01
8.325199890136718750e+01 8.409999847412109375e+01 3.302735140919685342e-01 4.168325287997722839e-01
8.288400268554687500e+01 8.404800415039062500e+01 3.340538101792335235e-01 4.214528261423111100e-01
8.302000427246093750e+01 8.416400146484375000e+01 3.333068234026432264e-01 4.193327437341213271e-01
8.243199920654296875e+01 8.391999816894531250e+01 3.346289518475532576e-01 4.203796592652797592e-01
8.325599670410156250e+01 8.348000335693359375e+01 3.334703801572322934e-01 4.154285744726657903e-01
8.305599975585937500e+01 8.422000122070312500e+01 3.295698502063751367e-01 4.310115324854850716e-01
8.238800048828125000e+01 8.409199523925781250e+01 3.349856237769127110e-01 4.187334176599979418e-01
8.256800079345703125e+01 8.425199890136718750e+01 3.309749356210232030e-01 4.158713245093822453e-01
8.313199615478515625e+01 8.279600524902343750e+01 3.291940895915031473e-01 4.189298775494098570e-01
8.280799865722656250e+01 8.372799682617187500e+01 3.308127700090408574e-01 4.138266770541668138e-01
8.300799560546875000e+01 8.376000213623046875e+01 3.283097677230835121e-01 4.144815818667411667e-01
8.313600158691406250e+01 8.376799774169921875e+01 3.288899764716625151e-01 4.123883236944675401e-01
8.312799835205078125e+01 8.409999847412109375e+01 3.288058676719665674e-01 4.193031629323959453e-01
8.318000030517578125e+01 8.402400207519531250e+01 3.284914047122001746e-01 4.204858049452304680e-01
8.297599792480468750e+01 8.347200012207031250e+01 3.287994599640369220e-01 4.132219912111759208e-01
8.300000000000000000e+01 8.373600006103515625e+01 3.277836647927760971e-01 4.159934981167316415e-01
8.312799835205078125e+01 8.408799743652343750e+01 3.308744328320026296e-01 4.157474191188812451e-01
8.304799652099609375e+01 8.389599609375000000e+01 3.251658188104629699e-01 4.234560675024986454e-01
8.334000396728515625e+01 8.421199798583984375e+01 3.262582136690616585e-01 4.223785621523857281e-01
8.320000457763671875e+01 8.411599731445312500e+01 3.291969473659992484e-01 4.177953740954399309e-01
8.252799987792968750e+01 8.421199798583984375e+01 3.325490519702434811e-01 4.171398760080337609e-01
8.297200012207031250e+01 8.394000244140625000e+01 3.249170587658882225e-01 4.197946365773677635e-01
8.340799713134765625e+01 8.424400329589843750e+01 3.229807853400707418e-01 4.174387639462948107e-01
8.334799957275390625e+01 8.391600036621093750e+01 3.240008406043052847e-01 4.173098292350769234e-01
8.306800079345703125e+01 8.400800323486328125e+01 3.251254926621913732e-01 4.187723195254802744e-01
8.283200073242187500e+01 8.432800292968750000e+01 3.278325103223324044e-01 4.198211381137371134e-01
8.286399841308593750e+01 8.377600097656250000e+01 3.263314819037914094e-01 4.152129461765289298e-01
8.326000213623046875e+01 8.429199981689453125e+01 3.251347576081752844e-01 4.149570298492908371e-01
8.367599487304687500e+01 8.342400360107421875e+01 3.231154202520847285e-01 4.183815282583236428e-01
8.319599914550781250e+01 8.367599487304687500e+01 3.231388344764709597e-01 4.195789688229560888e-01
8.346800231933593750e+01 8.410800170898437500e+01 3.250960556566715454e-01 4.204466746747493877e-01
8.332399749755859375e+01 8.440799713134765625e+01 3.235473119318485469e-01 4.271942465007305123e-01
8.295999908447265625e+01 8.422799682617187500e+01 3.242581313252448916e-01 4.178795113861560884e-01
8.330400085449218750e+01 8.423999786376953125e+01 3.212167538404464562e-01 4.246834921240806304e-01
8.271199798583984375e+01 8.344000244140625000e+01 3.253530509769916312e-01 4.198942342102527370e-01
8.340399932861328125e+01 8.417599487304687500e+01 3.212762390673160606e-01 4.285537836551666091e-01
8.319200134277343750e+01 8.424400329589843750e+01 3.218408727049827389e-01 4.283780643939971711e-01
8.303600311279296875e+01 8.423200225830078125e+01 3.225150250196456847e-01 4.209854433536529550e-01
8.355599975585937500e+01 8.412400054931640625e+01 3.179469692409038761e-01 4.286534368991851696e-01
8.304799652099609375e+01 8.385199737548828125e+01 3.232109011113643571e-01 4.179969914555549670e-01
8.344000244140625000e+01 8.406800079345703125e+01 3.177929185032844495e-01 4.186535109579563319e-01
8.331199645996093750e+01 8.406800079345703125e+01 3.233787064552307022e-01 4.261481344401836235e-01
8.324800109863281250e+01 8.338400268554687500e+01 3.186856642663478678e-01 4.193899321556091575e-01
8.320400238037109375e+01 8.394400024414062500e+01 3.182260601520538468e-01 4.229381234049797156e-01
8.341199493408203125e+01 8.363600158691406250e+01 3.178460695147514170e-01 4.185827198326587673e-01
8.320000457763671875e+01 8.388000488281250000e+01 3.188556957542896253e-01 4.190619854629039631e-01
8.283200073242187500e+01 8.365200042724609375e+01 3.221787503063678892e-01 4.258750563263893341e-01
8.295199584960937500e+01 8.402799987792968750e+01 3.185723089277744391e-01 4.288134393095970331e-01
8.342000579833984375e+01 8.412799835205078125e+01 3.178208508491516260e-01 4.268064534664153808e-01
8.323199462890625000e+01 8.401599884033203125e+01 3.177116675078868746e-01 4.278586055934429089e-01
8.349600219726562500e+01 8.419200134277343750e+01 3.185549951791763479e-01 4.276543996632098943e-01
8.365599822998046875e+01 8.382400512695312500e+01 3.145529688298702164e-01 4.201040655076503927e-01
8.338400268554687500e+01 8.398400115966796875e+01 3.157286248505115633e-01 4.198614509403705841e-01
8.337599945068359375e+01 8.417199707031250000e+01 3.163193076252937552e-01 4.296838336884975518e-01
8.345999908447265625e+01 8.431999969482421875e+01 3.164316118359565833e-01 4.246588685512542871e-01
8.376799774169921875e+01 8.427999877929687500e+01 3.131523702442646218e-01 4.242102529704570579e-01
8.323199462890625000e+01 8.409199523925781250e+01 3.160544847249984746e-01 4.242583243846893559e-01
8.351200103759765625e+01 8.414400482177734375e+01 3.153020496666431582e-01 4.245730993151664578e-01
8.374800109863281250e+01 8.415200042724609375e+01 3.125241595804691408e-01 4.254045136570930308e-01
8.390000152587890625e+01 8.423200225830078125e+01 3.111122854053974263e-01 4.205577537715435299e-01
8.404000091552734375e+01 8.394000244140625000e+01 3.087241272926330438e-01 4.244117341637611562e-01
8.304000091552734375e+01 8.356800079345703125e+01 3.160799311995506344e-01 4.213074490427970997e-01
8.334799957275390625e+01 8.383599853515625000e+01 3.137184276878833833e-01 4.323206124007701878e-01
8.350399780273437500e+01 8.390000152587890625e+01 3.103039373755455133e-01 4.267768808603286668e-01
8.365200042724609375e+01 8.412799835205078125e+01 3.130509908199310409e-01 4.247359257340431182e-01
8.342800140380859375e+01 8.287199401855468750e+01 3.154258922636509199e-01 4.251849793195724425e-01
8.347599792480468750e+01 8.339599609375000000e+01 3.146780126988887871e-01 4.215439880490303159e-01
8.371599578857421875e+01 8.388000488281250000e+01 3.102374820113182330e-01 4.201821509599685811e-01
8.355200195312500000e+01 8.344000244140625000e+01 3.115966600179672086e-01 4.235701318979263053e-01
8.341600036621093750e+01 8.437200164794921875e+01 3.134965834021568032e-01 4.276247515082359230e-01
8.363600158691406250e+01 8.418400573730468750e+01 3.116541902720928459e-01 4.291780605614185506e-01
8.356800079345703125e+01 8.404399871826171875e+01 3.131360862851143012e-01 4.329894146323203796e-01
8.368800354003906250e+01 8.404000091552734375e+01 3.113398009240627151e-01 4.275924209952354227e-01
8.375599670410156250e+01 8.341600036621093750e+01 3.110304461419582389e-01 4.212575804591178752e-01
8.377999877929687500e+01 8.397599792480468750e+01 3.118951253294944825e-01 4.361359809339046545e-01
8.397200012207031250e+01 8.405200195312500000e+01 3.098081570863723821e-01 4.276089135110378026e-01
8.331199645996093750e+01 8.415599822998046875e+01 3.142128412723541042e-01 4.315550163686275309e-01
8.342400360107421875e+01 8.425199890136718750e+01 3.107308501601219186e-01 4.319921315610408818e-01
8.321600341796875000e+01 8.373600006103515625e+01 3.123711284399032784e-01 4.263841100633144476e-01
8.389199829101562500e+01 8.358799743652343750e+01 3.086474788188934282e-01 4.470866639912128293e-01
8.415599822998046875e+01 8.414800262451171875e+01 3.072152773141860749e-01 4.335368034839630069e-01
8.339599609375000000e+01 8.308399963378906250e+01 3.082174374163150765e-01 4.247094930410384994e-01
8.354399871826171875e+01 8.439199829101562500e+01 3.100406149923801147e-01 4.433794377446174662e-01
8.343599700927734375e+01 8.308799743652343750e+01 3.108219614624976868e-01 4.367898359894752391e-01
8.362799835205078125e+01 8.385199737548828125e+01 3.133619581758976258e-01 4.304317277669906794e-01
8.350000000000000000e+01 8.375199890136718750e+01 3.109187551736831701e-01 4.297934035360813088e-01
8.351200103759765625e+01 8.380000305175781250e+01 3.106011454463005195e-01 4.352420314550399794e-01
8.352799987792968750e+01 8.339599609375000000e+01 3.095011247694492429e-01 4.474977834522724240e-01
8.374800109863281250e+01 8.403199768066406250e+01 3.086455455124378355e-01 4.356813021302223254e-01
8.354399871826171875e+01 8.415200042724609375e+01 3.097228589653968633e-01 4.354804036319255833e-01
8.366000366210937500e+01 8.355200195312500000e+01 3.072121013700961911e-01 4.403168682754039498e-01
8.363600158691406250e+01 8.371599578857421875e+01 3.094240003228187486e-01 4.303601014912128431e-01
8.362400054931640625e+01 8.330000305175781250e+01 3.084463351070880766e-01 4.317729206085205163e-01
8.380000305175781250e+01 8.392400360107421875e+01 3.022272524237632485e-01 4.359374720454216035e-01
8.324400329589843750e+01 8.380799865722656250e+01 3.102150294184684576e-01 4.330034533441066702e-01
8.373200225830078125e+01 8.398000335693359375e+01 3.091463124155998110e-01 4.368749547004699973e-01
8.376799774169921875e+01 8.343599700927734375e+01 3.068447369337081732e-01 4.311054810285568362e-01
8.363600158691406250e+01 8.399199676513671875e+01 3.052514335513115129e-01 4.359462356269359629e-01
8.381199645996093750e+01 8.379199981689453125e+01 3.070406705141067727e-01 4.319055872261524098e-01
8.381599426269531250e+01 8.349600219726562500e+01 3.041509874463081409e-01 4.260318274199962341e-01
8.338400268554687500e+01 8.380400085449218750e+01 3.111454328000545777e-01 4.290774840116500788e-01
8.388000488281250000e+01 8.421199798583984375e+01 3.026944900155067453e-01 4.383822472095489364e-01
8.392400360107421875e+01 8.379199981689453125e+01 3.066610271930694798e-01 4.385628319084644566e-01
8.393599700927734375e+01 8.391999816894531250e+01 3.036445901095867206e-01 4.322860027849674269e-01
8.403199768066406250e+01 8.377999877929687500e+01 3.043930987119674580e-01 4.335290089845657557e-01
8.370800018310546875e+01 8.389599609375000000e+01 3.040742052197456524e-01 4.309410619139671383e-01
8.375199890136718750e+01 8.363999938964843750e+01 3.059079794585704559e-01 4.482318482398987003e-01
8.391199493408203125e+01 8.350399780273437500e+01 3.026390754580497999e-01 4.331268515586852996e-01
8.410400390625000000e+01 8.352000427246093750e+01 3.023278535306453962e-01 4.377160338461398847e-01
8.310400390625000000e+01 8.348799896240234375e+01 3.083451994061470192e-01 4.272718735635280818e-01
8.364400482177734375e+01 8.410800170898437500e+01 3.073866931498050459e-01 4.380869870185852277e-01
8.336799621582031250e+01 8.398000335693359375e+01 3.087418987154960659e-01 4.372101894915104148e-01
8.341199493408203125e+01 8.379199981689453125e+01 3.077318585216999303e-01 4.400811117887497015e-01
8.374000549316406250e+01 8.361199951171875000e+01 2.999948563873767737e-01 4.334733451604843024e-01
8.360000610351562500e+01 8.162000274658203125e+01 3.042689424455166103e-01 4.433576939702034148e-01
8.411199951171875000e+01 8.306800079345703125e+01 3.011766452193260224e-01 4.381035754084587341e-01
8.358399963378906250e+01 8.383599853515625000e+01 3.036025940477847795e-01 4.398915314674377575e-01
8.377999877929687500e+01 8.393599700927734375e+01 3.050552076399326573e-01 4.396765407025813865e-01
8.403199768066406250e+01 8.370400238037109375e+01 3.026805206835269657e-01 4.335439615845680383e-01
8.391600036621093750e+01 8.357199859619140625e+01 3.024797893464565290e-01 4.369327598810195945e-01
8.384799957275390625e+01 8.249199676513671875e+01 3.015340052545070759e-01 4.352425386607646773e-01
8.347200012207031250e+01 8.344000244140625000e+01 3.051883986294269824e-01 4.331942674517631486e-01
8.411199951171875000e+01 8.348400115966796875e+01 3.001781541109085349e-01 4.321021175384521240e-01
8.389599609375000000e+01 8.380400085449218750e+01 3.009060660302638746e-01 4.406572057604789538e-01
8.386000061035156250e+01 8.363999938964843750e+01 3.030577375590801092e-01 4.444783040881156722e-01
8.414400482177734375e+01 8.401200103759765625e+01 3.022366820871830173e-01 4.429157686531543514e-01
8.420400238037109375e+01 8.334400177001953125e+01 2.991880077421665285e-01 4.406602433025836874e-01
8.436800384521484375e+01 8.396400451660156250e+01 3.000802882611751654e-01 4.436679775714874041e-01
8.389199829101562500e+01 8.341600036621093750e+01 3.001512171924114458e-01 4.314320107400417270e-01
8.366799926757812500e+01 8.291199493408203125e+01 3.012874954640865077e-01 4.328889240324497178e-01
8.366000366210937500e+01 8.370000457763671875e+01 3.007479769587516616e-01 4.332391896843910128e-01
8.383200073242187500e+01 8.353599548339843750e+01 3.026733370721340077e-01 4.381025705933571102e-01
