2.518599891662597656e+01 3.756999969482421875e+01 1.912581071615219175e+00 1.617385140657424891e+00
4.011600112915039062e+01 4.663999938964843750e+01 1.588308190584182711e+00 1.465384212732315117e+00
4.943600082397460938e+01 4.993999862670898438e+01 1.390240105390548653e+00 1.468062839508056605e+00
5.529599761962890625e+01 5.934000015258789062e+01 1.254012496232986384e+00 1.144657689332962081e+00
5.892599868774414062e+01 6.081999969482421875e+01 1.148263281464576790e+00 1.150435655713081262e+00
6.210400009155273438e+01 6.440000152587890625e+01 1.079143131136894196e+00 1.024953531026840281e+00
6.363400268554687500e+01 6.487000274658203125e+01 1.036885972976684611e+00 1.014241967797279376e+00
6.576200103759765625e+01 6.898999786376953125e+01 9.838511946201324854e-01 9.060907143354416382e-01
6.680400085449218750e+01 6.748999786376953125e+01 9.448056396245956279e-01 9.640195864439010665e-01
6.800000000000000000e+01 7.001000213623046875e+01 9.209697549343108802e-01 9.085127729177474576e-01
6.869599914550781250e+01 6.991000366210937500e+01 9.010837392807007351e-01 8.939555752277373868e-01
6.968000030517578125e+01 7.075000000000000000e+01 8.717298417091369211e-01 8.583908420801162897e-01
7.056000518798828125e+01 7.173000335693359375e+01 8.527574961185455660e-01 8.635927170515060869e-01
7.111399841308593750e+01 7.306999969482421875e+01 8.391026241779326877e-01 8.156865751743316295e-01
7.144599914550781250e+01 7.206999969482421875e+01 8.263517645597457939e-01 8.387335503101348566e-01
7.203599548339843750e+01 7.215000152587890625e+01 8.145421319007873917e-01 8.212995654344559249e-01
7.296400451660156250e+01 7.266999816894531250e+01 7.905587256550788977e-01 8.259963083267212181e-01
7.281600189208984375e+01 7.212999725341796875e+01 7.879777340888977077e-01 8.523856705427169667e-01
7.345600128173828125e+01 7.412999725341796875e+01 7.758820825815200273e-01 7.841895335912704157e-01
7.384200286865234375e+01 7.269999694824218750e+01 7.647752909064292615e-01 8.442929115891456560e-01
7.383599853515625000e+01 7.365000152587890625e+01 7.598164421319961725e-01 7.919062858819961859e-01
7.429800415039062500e+01 7.602000427246093750e+01 7.480100222229957296e-01 7.262359923124312999e-01
7.469000244140625000e+01 7.559999847412109375e+01 7.410305491685866830e-01 7.431942850351334062e-01
7.498000335693359375e+01 7.627999877929687500e+01 7.333435449600219647e-01 7.087864449620246976e-01
7.528199768066406250e+01 7.555000305175781250e+01 7.244499775767326843e-01 7.366103097796440347e-01
7.554600524902343750e+01 7.548000335693359375e+01 7.197502328157424634e-01 7.487735649943352279e-01
7.570400238037109375e+01 7.426999664306640625e+01 7.137233400344848988e-01 7.908594685792923462e-01
7.591600036621093750e+01 7.387999725341796875e+01 7.074162252545356244e-01 8.047041624784470049e-01
7.593600463867187500e+01 7.505000305175781250e+01 7.055737432837486667e-01 7.623423060774803250e-01
7.634999847412109375e+01 7.552000427246093750e+01 6.944780558943748350e-01 7.542517894506454157e-01
7.662799835205078125e+01 7.581999969482421875e+01 6.910366384983063215e-01 7.494933637976646246e-01
7.638999938964843750e+01 7.359999847412109375e+01 6.933600324392318326e-01 8.160737505555153426e-01
7.683599853515625000e+01 7.536000061035156250e+01 6.858792721033096784e-01 7.667322257161139909e-01
7.685800170898437500e+01 7.529000091552734375e+01 6.774945818185805768e-01 7.672428324818610923e-01
7.704599761962890625e+01 7.677000427246093750e+01 6.797939966320991623e-01 7.066479775309563172e-01
7.705000305175781250e+01 7.731999969482421875e+01 6.764689236879348755e-01 6.897897106409073276e-01
7.735199737548828125e+01 7.691000366210937500e+01 6.735008822083473623e-01 7.045112729072571245e-01
7.755400085449218750e+01 7.763000488281250000e+01 6.652237152457237679e-01 6.882462775707245406e-01
7.753199768066406250e+01 7.695000457763671875e+01 6.659465145468711489e-01 7.170222908258437888e-01
7.787000274658203125e+01 7.791000366210937500e+01 6.584820463657379275e-01 6.977333235740661443e-01
7.776399993896484375e+01 7.779000091552734375e+01 6.584246740937232945e-01 6.826259440183639615e-01
7.799599456787109375e+01 7.702999877929687500e+01 6.517762423157692497e-01 7.283351808786392434e-01
7.793400573730468750e+01 7.722000122070312500e+01 6.501278354525565906e-01 6.989353895187377930e-01
7.805999755859375000e+01 7.752999877929687500e+01 6.536991669535636706e-01 7.024447503685951055e-01
7.852799987792968750e+01 7.896999359130859375e+01 6.437398470640182113e-01 6.492919993400573242e-01
7.814400482177734375e+01 7.663999938964843750e+01 6.444946243762970095e-01 7.194486403465271129e-01
7.866600036621093750e+01 7.858999633789062500e+01 6.435791803598404082e-01 6.681977421045303123e-01
7.856400299072265625e+01 7.975999450683593750e+01 6.366210821866988834e-01 6.365343645215034707e-01
7.845800018310546875e+01 7.819999694824218750e+01 6.405027232170105167e-01 7.077744966745376232e-01
7.846800231933593750e+01 7.726000213623046875e+01 6.370942375063896046e-01 7.094393938779830489e-01
7.894799804687500000e+01 7.480999755859375000e+01 6.284537299275397837e-01 7.987728977203368830e-01
7.875199890136718750e+01 7.641000366210937500e+01 6.313278200626373238e-01 7.345453551411629256e-01
7.877600097656250000e+01 7.681000518798828125e+01 6.317924979329109236e-01 7.261280402541160361e-01
7.901399993896484375e+01 7.836999511718750000e+01 6.330393841266631627e-01 6.714243900775909157e-01
7.906200408935546875e+01 7.837999725341796875e+01 6.279526947140693371e-01 6.786412632465362860e-01
7.943199920654296875e+01 7.812999725341796875e+01 6.244842169880866489e-01 7.054245638847350675e-01
7.940800476074218750e+01 7.812999725341796875e+01 6.185478503704071596e-01 6.806014341115951272e-01
7.966200256347656250e+01 7.981999969482421875e+01 6.098579814434051949e-01 6.321670129895210488e-01
7.950800323486328125e+01 7.777999877929687500e+01 6.153865063190460116e-01 7.041800338029861051e-01
7.963800048828125000e+01 7.673000335693359375e+01 6.114280185699463299e-01 7.311107733845710888e-01
7.975199890136718750e+01 7.838999938964843750e+01 6.154942362904548547e-01 6.859518882632255066e-01
7.937400054931640625e+01 7.759000396728515625e+01 6.169125319123268669e-01 7.078905245661735179e-01
7.964399719238281250e+01 7.887999725341796875e+01 6.117964418530463799e-01 6.583354726433754411e-01
7.990599822998046875e+01 7.915999603271484375e+01 6.025906696319579536e-01 6.523467007279396546e-01
7.986000061035156250e+01 7.922999572753906250e+01 6.083231920599937448e-01 6.506396141648292941e-01
7.972200012207031250e+01 7.955999755859375000e+01 6.155554588437079921e-01 6.441395145654678078e-01
7.981600189208984375e+01 7.826999664306640625e+01 6.082807213068008867e-01 6.744303435087204424e-01
7.994999694824218750e+01 7.836000061035156250e+01 6.031715731620788112e-01 6.760924461483955872e-01
7.999399566650390625e+01 7.970999908447265625e+01 6.004743473529815523e-01 6.600866711139679044e-01
7.984600067138671875e+01 7.843000030517578125e+01 6.055405282378196752e-01 6.800957167148590221e-01
8.012800598144531250e+01 7.716000366210937500e+01 6.015642447471618581e-01 7.112170907855034363e-01
8.012400054931640625e+01 7.986000061035156250e+01 6.019458463788032176e-01 6.455570557713508073e-01
7.993999481201171875e+01 7.784000396728515625e+01 6.011146566867828778e-01 7.172098699212073880e-01
8.021199798583984375e+01 7.914999389648437500e+01 6.006674849390983839e-01 6.604435208439827232e-01
8.047000122070312500e+01 7.882999420166015625e+01 5.962022956609726032e-01 6.647237640619277910e-01
8.069599914550781250e+01 8.000000000000000000e+01 5.860862464308739250e-01 6.296323743462562961e-01
8.035800170898437500e+01 7.870999908447265625e+01 5.974878349900245578e-01 6.980500680208205910e-01
8.042399597167968750e+01 8.034999847412109375e+01 5.946474959850310826e-01 6.326733800768852278e-01
8.052200317382812500e+01 7.872999572753906250e+01 5.881270948052406133e-01 6.741808557510375888e-01
8.054199981689453125e+01 7.961000061035156250e+01 5.924052759408950930e-01 6.565204760432243880e-01
8.060600280761718750e+01 8.011999511718750000e+01 5.913260980844498027e-01 6.451992008090019493e-01
8.082399749755859375e+01 8.037999725341796875e+01 5.861918736696243304e-01 6.223433926701545937e-01
8.064600372314453125e+01 7.970999908447265625e+01 5.878865303993224822e-01 6.570257771015167725e-01
8.067399597167968750e+01 7.936999511718750000e+01 5.823965896368026307e-01 6.626392963528633384e-01
8.083200073242187500e+01 8.020999908447265625e+01 5.874076161980629207e-01 6.265805593132972584e-01
8.065399932861328125e+01 7.991999816894531250e+01 5.878029680252074840e-01 6.668094068765639815e-01
8.078399658203125000e+01 7.958999633789062500e+01 5.805583649277686886e-01 6.582371896505355702e-01
8.072799682617187500e+01 7.914999389648437500e+01 5.856525990962981876e-01 6.752740290760993469e-01
8.098400115966796875e+01 8.061000061035156250e+01 5.839289752840995940e-01 6.170258089900017007e-01
8.069999694824218750e+01 7.808000183105468750e+01 5.837195134758949022e-01 6.835415539145469621e-01
8.115799713134765625e+01 8.155000305175781250e+01 5.728171434402465900e-01 5.886933532357215837e-01
8.130000305175781250e+01 7.706999969482421875e+01 5.740987299084663320e-01 7.572117331624030889e-01
8.123000335693359375e+01 8.045999908447265625e+01 5.707773868441581300e-01 6.294239675998687389e-01
8.111799621582031250e+01 7.995999908447265625e+01 5.791407660841941807e-01 6.445112267136573481e-01
8.105200195312500000e+01 7.845999908447265625e+01 5.796622378230095185e-01 6.928958183526993109e-01
8.134999847412109375e+01 7.804000091552734375e+01 5.657826948165893821e-01 7.141833528876304626e-01
8.114200592041015625e+01 7.983999633789062500e+01 5.779516751170158395e-01 6.467854294180870323e-01
8.102600097656250000e+01 8.022999572753906250e+01 5.756529207229614808e-01 6.422277322411537037e-01
8.157199859619140625e+01 8.045999908447265625e+01 5.618065914511680692e-01 6.249696263670920793e-01
8.140399932861328125e+01 7.927999877929687500e+01 5.749123811721801314e-01 6.725774005055427107e-01
