5.209599685668945312e+01 5.487999725341796875e+01 8.163542867898940791e-01 7.059352295398712007e-01
5.359200286865234375e+01 5.534399795532226562e+01 7.054229686260223842e-01 6.987929384708404523e-01
5.411599731445312500e+01 5.595199966430664062e+01 6.986320189237594791e-01 6.962703490257262651e-01
5.509600067138671875e+01 5.754399871826171875e+01 6.959615489244460607e-01 6.937537993192672836e-01
5.644800186157226562e+01 6.118799972534179688e+01 6.927624163627624787e-01 6.882402886152267918e-01
5.915200042724609375e+01 6.492400360107421875e+01 6.868174854516982952e-01 6.805511933565139282e-01
6.147599792480468750e+01 6.737200164794921875e+01 6.804019931554794454e-01 6.733054518699645996e-01
6.286800003051757812e+01 7.057600402832031250e+01 6.745238691568374856e-01 6.625433973073959759e-01
6.438400268554687500e+01 7.253199768066406250e+01 6.660755335092544138e-01 6.512866936922073746e-01
6.645999908447265625e+01 7.287200164794921875e+01 6.565870879888534573e-01 6.441359606981277297e-01
6.733999633789062500e+01 7.619599914550781250e+01 6.479819928407668517e-01 6.235345760583878016e-01
6.930400085449218750e+01 7.714800262451171875e+01 6.344597324132918992e-01 6.092102096080780349e-01
7.029600524902343750e+01 7.776000213623046875e+01 6.258054893016815612e-01 5.971163158416747940e-01
7.139599609375000000e+01 7.903599548339843750e+01 6.160843018293380435e-01 5.833191277980804834e-01
7.238800048828125000e+01 7.976800537109375000e+01 6.063945142030715552e-01 5.711595416665077307e-01
7.344400024414062500e+01 8.002799987792968750e+01 5.955284804105758223e-01 5.619583298563957108e-01
7.481200408935546875e+01 8.071200561523437500e+01 5.843517560958861878e-01 5.498112633824348006e-01
7.542799377441406250e+01 8.122000122070312500e+01 5.753448727130889839e-01 5.403699848651886128e-01
7.598400115966796875e+01 8.208000183105468750e+01 5.695196118354797221e-01 5.303338856101036392e-01
7.645600128173828125e+01 8.149600219726562500e+01 5.618651323318480939e-01 5.265585358738898991e-01
7.748400115966796875e+01 8.188400268554687500e+01 5.517557378411293012e-01 5.180062829256057988e-01
7.802400207519531250e+01 8.219200134277343750e+01 5.413351262211799630e-01 5.129509106278419273e-01
7.892800140380859375e+01 8.221600341796875000e+01 5.352422377467155323e-01 5.063271170258522025e-01
7.928800201416015625e+01 8.241600036621093750e+01 5.266615493297577277e-01 4.989604047536849718e-01
8.023600006103515625e+01 8.308799743652343750e+01 5.180894392728805364e-01 4.928563554883003128e-01
8.059600067138671875e+01 8.304000091552734375e+01 5.117576120495795911e-01 4.847021199464797703e-01
8.121600341796875000e+01 8.382400512695312500e+01 5.027844419479370330e-01 4.728290684223174778e-01
8.134400177001953125e+01 8.318799591064453125e+01 4.982093144059181467e-01 4.763243534564972070e-01
8.181199645996093750e+01 8.344400024414062500e+01 4.915462815165519972e-01 4.701949830055237034e-01
8.248400115966796875e+01 8.450000000000000000e+01 4.848774868249893233e-01 4.580220477581024019e-01
8.273199462890625000e+01 8.454399871826171875e+01 4.798719434142112994e-01 4.553501827716827655e-01
8.312799835205078125e+01 8.409999847412109375e+01 4.738666346669196949e-01 4.558897193074226140e-01
8.350000000000000000e+01 8.416799926757812500e+01 4.675911458730697690e-01 4.523428490161895965e-01
8.357199859619140625e+01 8.441999816894531250e+01 4.630779662728309876e-01 4.480632710456848300e-01
8.386000061035156250e+01 8.450000000000000000e+01 4.576933669447899033e-01 4.455174838900566314e-01
8.467199707031250000e+01 8.446400451660156250e+01 4.509221343994140874e-01 4.462068408131599218e-01
8.468000030517578125e+01 8.466799926757812500e+01 4.446553666591644416e-01 4.404303819537162545e-01
8.505599975585937500e+01 8.445600128173828125e+01 4.414092118740081672e-01 4.388983743190765230e-01
8.538400268554687500e+01 8.485199737548828125e+01 4.349975937008857541e-01 4.348850053548812822e-01
8.594800567626953125e+01 8.496400451660156250e+01 4.296187602281570372e-01 4.336846535801887614e-01
8.626399993896484375e+01 8.477200317382812500e+01 4.237310280799865825e-01 4.299193398952483869e-01
8.619999694824218750e+01 8.474800109863281250e+01 4.225767441987991480e-01 4.319366691708564909e-01
8.638399505615234375e+01 8.436800384521484375e+01 4.175882253050804405e-01 4.312941315174102508e-01
8.696399688720703125e+01 8.458799743652343750e+01 4.119844794273376243e-01 4.270134255290031211e-01
8.711199951171875000e+01 8.495600128173828125e+01 4.073938871622085345e-01 4.227676112651824747e-01
8.769999694824218750e+01 8.482400512695312500e+01 4.014915079474449255e-01 4.245717774629592656e-01
8.746799468994140625e+01 8.526800537109375000e+01 4.000761597156524685e-01 4.196411556601524206e-01
8.762799835205078125e+01 8.431599426269531250e+01 3.957804816365241840e-01 4.261993183493614223e-01
8.765599822998046875e+01 8.489199829101562500e+01 3.931351457238197455e-01 4.189250580668449353e-01
8.815600585937500000e+01 8.463999938964843750e+01 3.861009850502014062e-01 4.204107979536056416e-01
8.837599945068359375e+01 8.462400054931640625e+01 3.830068783760070539e-01 4.185404273271560727e-01
8.830799865722656250e+01 8.480799865722656250e+01 3.809943135380745027e-01 4.174318674206733970e-01
8.880799865722656250e+01 8.494799804687500000e+01 3.747608035206794752e-01 4.200380359292030241e-01
8.886799621582031250e+01 8.501999664306640625e+01 3.740922052860259917e-01 4.172711125612258987e-01
8.908000183105468750e+01 8.491999816894531250e+01 3.691508176922798090e-01 4.152630293965339781e-01
8.901599884033203125e+01 8.483200073242187500e+01 3.675163576602935578e-01 4.135171692967414825e-01
8.941199493408203125e+01 8.475199890136718750e+01 3.634224763810634529e-01 4.167293880581856014e-01
8.963999938964843750e+01 8.473600006103515625e+01 3.586986202001571922e-01 4.125409383177757183e-01
8.996000671386718750e+01 8.428400421142578125e+01 3.535122170448303236e-01 4.146338560581207533e-01
8.988800048828125000e+01 8.481999969482421875e+01 3.532925146520137782e-01 4.132814338207244642e-01
9.010000610351562500e+01 8.447599792480468750e+01 3.482696300148964141e-01 4.139375573694705768e-01
9.005599975585937500e+01 8.482800292968750000e+01 3.480659953355789149e-01 4.127908400297164992e-01
9.029199981689453125e+01 8.499600219726562500e+01 3.449739893674850233e-01 4.101795424520969235e-01
9.033599853515625000e+01 8.480400085449218750e+01 3.423709512352943185e-01 4.100074276924133287e-01
9.046800231933593750e+01 8.510400390625000000e+01 3.381071937978267772e-01 4.093080460131168219e-01
9.090000152587890625e+01 8.519999694824218750e+01 3.330764629840851088e-01 4.123396005332469749e-01
9.068800354003906250e+01 8.492400360107421875e+01 3.339562170207500680e-01 4.154034837484359977e-01
9.104800415039062500e+01 8.505200195312500000e+01 3.316778444051742825e-01 4.112008908092975590e-01
9.098400115966796875e+01 8.473200225830078125e+01 3.311144915223121488e-01 4.098928014934062891e-01
9.123999786376953125e+01 8.486800384521484375e+01 3.256264759004116049e-01 4.109646099507808792e-01
9.137200164794921875e+01 8.461199951171875000e+01 3.206888445317745417e-01 4.110448322892188977e-01
9.163999938964843750e+01 8.463199615478515625e+01 3.197770812511444016e-01 4.113618107736110585e-01
9.163200378417968750e+01 8.511199951171875000e+01 3.175719148516654711e-01 4.114068761467933877e-01
9.165999603271484375e+01 8.485199737548828125e+01 3.173300212323665881e-01 4.100654727518558418e-01
9.179599761962890625e+01 8.478400421142578125e+01 3.156240037679672317e-01 4.124770600497722484e-01
9.161199951171875000e+01 8.518800354003906250e+01 3.140476069152355332e-01 4.124249714314937587e-01
9.160800170898437500e+01 8.486400604248046875e+01 3.133280123174190246e-01 4.090922757387161490e-01
9.182399749755859375e+01 8.519200134277343750e+01 3.092109016180038528e-01 4.142106918394565795e-01
9.229999542236328125e+01 8.514800262451171875e+01 3.049635124504566086e-01 4.137527284026145669e-01
9.199200439453125000e+01 8.486400604248046875e+01 3.053209595680236865e-01 4.089287773072719512e-01
9.231200408935546875e+01 8.523600006103515625e+01 3.004941379427910064e-01 4.139221089482307270e-01
9.237999725341796875e+01 8.479999542236328125e+01 2.987681752443313576e-01 4.092132842540741056e-01
9.209200286865234375e+01 8.505599975585937500e+01 3.006562019288540055e-01 4.129534677565097622e-01
9.240000152587890625e+01 8.521599578857421875e+01 2.967761712968349230e-01 4.151056114137172681e-01
9.242800140380859375e+01 8.487999725341796875e+01 2.947477611899376182e-01 4.097624900937080206e-01
9.262400054931640625e+01 8.494799804687500000e+01 2.930184688866138698e-01 4.321354921758174816e-01
9.272000122070312500e+01 8.479999542236328125e+01 2.899773988723755025e-01 4.100525299310684435e-01
9.271199798583984375e+01 8.501200103759765625e+01 2.908289350867271361e-01 4.113011849522590913e-01
9.308000183105468750e+01 8.511599731445312500e+01 2.844688261747360114e-01 4.134202470481395664e-01
9.292800140380859375e+01 8.484400177001953125e+01 2.846834337413310934e-01 4.105071264803409337e-01
9.267200469970703125e+01 8.516400146484375000e+01 2.869598745703696996e-01 4.120913826227188270e-01
9.281600189208984375e+01 8.493999481201171875e+01 2.851890507042407763e-01 4.143605166673660078e-01
9.297200012207031250e+01 8.520800018310546875e+01 2.824772080779075489e-01 4.127988949716090983e-01
9.323999786376953125e+01 8.510400390625000000e+01 2.801206944584846426e-01 4.189615881741046710e-01
9.319999694824218750e+01 8.471199798583984375e+01 2.796128895878791654e-01 4.167920918166637678e-01
9.319999694824218750e+01 8.498799896240234375e+01 2.769495238959789329e-01 4.113547183573246224e-01
9.321200561523437500e+01 8.525199890136718750e+01 2.766846041679382195e-01 4.157251815795898198e-01
9.334799957275390625e+01 8.477200317382812500e+01 2.737618158459663165e-01 4.142132638692855862e-01
9.362400054931640625e+01 8.488800048828125000e+01 2.704855776429176406e-01 4.152802039980888482e-01
9.323600006103515625e+01 8.517600250244140625e+01 2.738413445353508058e-01 4.179864003360271307e-01
9.353200531005859375e+01 8.464400482177734375e+01 2.686544331908226058e-01 4.138578234612941831e-01
9.353200531005859375e+01 8.511599731445312500e+01 2.694926618635654636e-01 4.176497665941715232e-01
9.349600219726562500e+01 8.527600097656250000e+01 2.687103843986988205e-01 4.240126320719718733e-01
9.365599822998046875e+01 8.497999572753906250e+01 2.655372700095176564e-01 4.203771535158157269e-01
9.354000091552734375e+01 8.494799804687500000e+01 2.681089895665645373e-01 4.198877921104431366e-01
9.370399475097656250e+01 8.476399993896484375e+01 2.658684041798115016e-01 4.265772835016250486e-01
9.364399719238281250e+01 8.483999633789062500e+01 2.652183650732040654e-01 4.177641149461269188e-01
9.357600402832031250e+01 8.493199920654296875e+01 2.651136911511421390e-01 4.178127280771732344e-01
9.394000244140625000e+01 8.466400146484375000e+01 2.594236115515232144e-01 4.189187083840369974e-01
9.360399627685546875e+01 8.430000305175781250e+01 2.631772754490375732e-01 4.152198400795459876e-01
9.399200439453125000e+01 8.470800018310546875e+01 2.554446545243262978e-01 4.185622498989104989e-01
9.398000335693359375e+01 8.485599517822265625e+01 2.575973874926567042e-01 4.219286723434925168e-01
9.387200164794921875e+01 8.466799926757812500e+01 2.578490124940872041e-01 4.225010207593440925e-01
9.385600280761718750e+01 8.463999938964843750e+01 2.579759884178638440e-01 4.171030555665493078e-01
9.404000091552734375e+01 8.425599670410156250e+01 2.545978416502475694e-01 4.173856220245361071e-01
9.401999664306640625e+01 8.492400360107421875e+01 2.548309263586998052e-01 4.258183761239051623e-01
9.419200134277343750e+01 8.477200317382812500e+01 2.511035683453082812e-01 4.319624435007572427e-01
9.416000366210937500e+01 8.453599548339843750e+01 2.525353798270225658e-01 4.192521337270736503e-01
9.406399536132812500e+01 8.492800140380859375e+01 2.532701091468333998e-01 4.248064990639686678e-01
9.422799682617187500e+01 8.491600036621093750e+01 2.507345202863216493e-01 4.223574401438236481e-01
9.448799896240234375e+01 8.473200225830078125e+01 2.477753238081931986e-01 4.275865054726600833e-01
9.401599884033203125e+01 8.509600067138671875e+01 2.510593805909157039e-01 4.285360551178455379e-01
9.432399749755859375e+01 8.461599731445312500e+01 2.463694699108600616e-01 4.202192181646823843e-01
9.440399932861328125e+01 8.490800476074218750e+01 2.453159962296485863e-01 4.319622173607349236e-01
9.441999816894531250e+01 8.473200225830078125e+01 2.445883672833442657e-01 4.206160242557525630e-01
9.449199676513671875e+01 8.500800323486328125e+01 2.437813234627246861e-01 4.295872925519943486e-01
9.457199859619140625e+01 8.475999450683593750e+01 2.417046104967594256e-01 4.222948216795921472e-01
9.452799987792968750e+01 8.469999694824218750e+01 2.422135491967201126e-01 4.234317980408668358e-01
9.445600128173828125e+01 8.476799774169921875e+01 2.421072743535041816e-01 4.258407666087150600e-01
9.471199798583984375e+01 8.449599456787109375e+01 2.399552427232265472e-01 4.238578579723835116e-01
9.454799652099609375e+01 8.503199768066406250e+01 2.395845429003238547e-01 4.262083800137043132e-01
9.448799896240234375e+01 8.455999755859375000e+01 2.401661109626293256e-01 4.227186346352100332e-01
9.461600494384765625e+01 8.441999816894531250e+01 2.385137457847595344e-01 4.248562797605991426e-01
9.457600402832031250e+01 8.479999542236328125e+01 2.386951077282428724e-01 4.330653373599052669e-01
9.457600402832031250e+01 8.475999450683593750e+01 2.383899474740028279e-01 4.276605236232280949e-01
9.452400207519531250e+01 8.476399993896484375e+01 2.387156946063041796e-01 4.366337725520134105e-01
9.445199584960937500e+01 8.432800292968750000e+01 2.396608596742153263e-01 4.222415391802787910e-01
9.494000244140625000e+01 8.459600067138671875e+01 2.318562194705009460e-01 4.245546203553676734e-01
9.491199493408203125e+01 8.405200195312500000e+01 2.329856602102517993e-01 4.237657243907451687e-01
9.472799682617187500e+01 8.447200012207031250e+01 2.341055250763893203e-01 4.261739247739315117e-01
9.467600250244140625e+01 8.478800201416015625e+01 2.339767595231533048e-01 4.335554860532283561e-01
9.479199981689453125e+01 8.467599487304687500e+01 2.322415483146905990e-01 4.307536474764346868e-01
9.462799835205078125e+01 8.445600128173828125e+01 2.328736756145954045e-01 4.276063319444656230e-01
9.486000061035156250e+01 8.463199615478515625e+01 2.306195804178714781e-01 4.314671393036842439e-01
9.470000457763671875e+01 8.452400207519531250e+01 2.311962548494339020e-01 4.307730583548545766e-01
9.473999786376953125e+01 8.444400024414062500e+01 2.318392100334167594e-01 4.464488461017608878e-01
9.482799530029296875e+01 8.449199676513671875e+01 2.305314815640449599e-01 4.298325309157371432e-01
9.496799468994140625e+01 8.473600006103515625e+01 2.286420046985149501e-01 4.363661678433418123e-01
9.514399719238281250e+01 8.463600158691406250e+01 2.246072848439216729e-01 4.321913157403469152e-01
9.492400360107421875e+01 8.477200317382812500e+01 2.272038547992706325e-01 4.357673890888690837e-01
9.486799621582031250e+01 8.458000183105468750e+01 2.277349628806114301e-01 4.334680260717868605e-01
9.505599975585937500e+01 8.469999694824218750e+01 2.250211299508809992e-01 4.364119251966476210e-01
9.505599975585937500e+01 8.443199920654296875e+01 2.237549402415752453e-01 4.317690745294094357e-01
9.511600494384765625e+01 8.442400360107421875e+01 2.236372843384742681e-01 4.303020223081112094e-01
9.500000000000000000e+01 8.465599822998046875e+01 2.236845625638961832e-01 4.391299468278884732e-01
9.522000122070312500e+01 8.434400177001953125e+01 2.207049976587295570e-01 4.304392714500427375e-01
9.497200012207031250e+01 8.442800140380859375e+01 2.235855003595352275e-01 4.264880704879761009e-01
9.518399810791015625e+01 8.444000244140625000e+01 2.205839546620845804e-01 4.349405981004237920e-01
9.526000213623046875e+01 8.433999633789062500e+01 2.197345463335514115e-01 4.311435175240039830e-01
9.527199554443359375e+01 8.473999786376953125e+01 2.192583832144737177e-01 4.353708855211734785e-01
9.537199401855468750e+01 8.377600097656250000e+01 2.161294688880443515e-01 4.426838411390781602e-01
9.519199371337890625e+01 8.472000122070312500e+01 2.206826005876064423e-01 4.402779394984245309e-01
9.534400177001953125e+01 8.447599792480468750e+01 2.179746020436287013e-01 4.486207644343376266e-01
9.522799682617187500e+01 8.459200286865234375e+01 2.197034080326557282e-01 4.563696526885032689e-01
9.530000305175781250e+01 8.441999816894531250e+01 2.177034966796636550e-01 4.443765170574188184e-01
9.533200073242187500e+01 8.434799957275390625e+01 2.165671133100986467e-01 4.305947208702564089e-01
9.531199645996093750e+01 8.460400390625000000e+01 2.154658297300338643e-01 4.437462758719921130e-01
9.543600463867187500e+01 8.470800018310546875e+01 2.145799058526754455e-01 4.449522490203380309e-01
9.534799957275390625e+01 8.457599639892578125e+01 2.155457286536693606e-01 4.439829687178135087e-01
9.516000366210937500e+01 8.448799896240234375e+01 2.170797536671161543e-01 4.363248131573200239e-01
9.570800018310546875e+01 8.427199554443359375e+01 2.101606647968292108e-01 4.383946017324924505e-01
9.536399841308593750e+01 8.442800140380859375e+01 2.138982093036174703e-01 4.353769434094428847e-01
9.550399780273437500e+01 8.480400085449218750e+01 2.134774312376976069e-01 4.501200454533100248e-01
9.545600128173828125e+01 8.417599487304687500e+01 2.106085730940103484e-01 4.324101925790310164e-01
9.533200073242187500e+01 8.443599700927734375e+01 2.131381161957979220e-01 4.453409386873245501e-01
9.572799682617187500e+01 8.419599914550781250e+01 2.086429449468851227e-01 4.313000018894672660e-01
9.542800140380859375e+01 8.447599792480468750e+01 2.133183059394359593e-01 4.360549710988998462e-01
9.549199676513671875e+01 8.457199859619140625e+01 2.121905403435230264e-01 4.387071035206318026e-01
9.544400024414062500e+01 8.438400268554687500e+01 2.110551800429820990e-01 4.429820342063903738e-01
9.546800231933593750e+01 8.437999725341796875e+01 2.101456379890441761e-01 4.364084144234657292e-01
9.534000396728515625e+01 8.441600036621093750e+01 2.125528739988803983e-01 4.395172788202762471e-01
9.548000335693359375e+01 8.461999511718750000e+01 2.090003405213355925e-01 4.523510985076427682e-01
9.557199859619140625e+01 8.398799896240234375e+01 2.062287051826715567e-01 4.330160546302795344e-01
9.546800231933593750e+01 8.446800231933593750e+01 2.079694341421127191e-01 4.453574362695217337e-01
9.559600067138671875e+01 8.422399902343750000e+01 2.093782958984375109e-01 4.402421595454216185e-01
9.571600341796875000e+01 8.437999725341796875e+01 2.055653166621923544e-01 4.415899100899696172e-01
9.564800262451171875e+01 8.466799926757812500e+01 2.084822185337543432e-01 4.599633736908435577e-01
9.542800140380859375e+01 8.426000213623046875e+01 2.092928900867700448e-01 4.346031455695629209e-01
9.579599761962890625e+01 8.456800079345703125e+01 2.052321935743093573e-01 4.407210704386234079e-01
9.574000549316406250e+01 8.461199951171875000e+01 2.045779796838760323e-01 4.444786525070667516e-01
9.579599761962890625e+01 8.452400207519531250e+01 2.022778221517801400e-01 4.403250325918197650e-01
9.568399810791015625e+01 8.454399871826171875e+01 2.051989730298519055e-01 4.440289863646030288e-01
9.563600158691406250e+01 8.449599456787109375e+01 2.053459717631340165e-01 4.413268934488296380e-01
9.565200042724609375e+01 8.450400543212890625e+01 2.037853530794382084e-01 4.423106377720832927e-01
9.558399963378906250e+01 8.434400177001953125e+01 2.058217630982399071e-01 4.373208958208560926e-01
9.588400268554687500e+01 8.444799804687500000e+01 2.006654884219169488e-01 4.433232728540897338e-01
9.559999847412109375e+01 8.447599792480468750e+01 2.056148089170455884e-01 4.422477673590183289e-01
9.593599700927734375e+01 8.447599792480468750e+01 1.984955006539821654e-01 4.584911471307277497e-01
9.566000366210937500e+01 8.412000274658203125e+01 2.028819641470909207e-01 4.326954968273639679e-01
9.570800018310546875e+01 8.443599700927734375e+01 2.033668175786733645e-01 4.436399432718753921e-01
9.590799713134765625e+01 8.433999633789062500e+01 1.986288096159696537e-01 4.498358418345451137e-01
9.586399841308593750e+01 8.453599548339843750e+01 1.991386489719152442e-01 4.579033911526202982e-01
9.590799713134765625e+01 8.433200073242187500e+01 1.996384842693805783e-01 4.422441948354244312e-01
9.583200073242187500e+01 8.438400268554687500e+01 2.000633364468812903e-01 4.505771598517894772e-01
9.606800079345703125e+01 8.454800415039062500e+01 1.948302872925996854e-01 4.522487214505672704e-01
9.590000152587890625e+01 8.414800262451171875e+01 1.965130858272313985e-01 4.398306618332862850e-01
9.574800109863281250e+01 8.450400543212890625e+01 2.007351769208907954e-01 4.541581689715385450e-01
9.595600128173828125e+01 8.415599822998046875e+01 1.974933418035507149e-01 4.424356452524662031e-01
9.579599761962890625e+01 8.422799682617187500e+01 1.972316183149814550e-01 4.450036537051200725e-01
9.574800109863281250e+01 8.437599945068359375e+01 2.000971083045005872e-01 4.421248846650123743e-01
9.599199676513671875e+01 8.430400085449218750e+01 1.941573011875152577e-01 4.498551304042339161e-01
9.621199798583984375e+01 8.426799774169921875e+01 1.917023878991603869e-01 4.433342069685459186e-01
9.600399780273437500e+01 8.448799896240234375e+01 1.963951006084680428e-01 4.558945244550705045e-01
9.579199981689453125e+01 8.431199645996093750e+01 1.980639369636774116e-01 4.458957754075527080e-01
9.587200164794921875e+01 8.432800292968750000e+01 1.976539684832095967e-01 4.490749976634978990e-01
9.600800323486328125e+01 8.409600067138671875e+01 1.958569664806127653e-01 4.411947628259658694e-01
9.593599700927734375e+01 8.447200012207031250e+01 1.956589363962411843e-01 4.581215434372424844e-01
9.572399902343750000e+01 8.419599914550781250e+01 1.980606549233198121e-01 4.785776348412036918e-01
9.604399871826171875e+01 8.434400177001953125e+01 1.950217633098363934e-01 4.585029430389404026e-01
9.596400451660156250e+01 8.440000152587890625e+01 1.938033621013164620e-01 4.572618790268898059e-01
9.589599609375000000e+01 8.462400054931640625e+01 1.947169671356678011e-01 4.482297876477241427e-01
9.600800323486328125e+01 8.440399932861328125e+01 1.938298986405134205e-01 4.460148456692695773e-01
9.594400024414062500e+01 8.436800384521484375e+01 1.948055072575807511e-01 4.535439570248127050e-01
9.619200134277343750e+01 8.447599792480468750e+01 1.907191254645586032e-01 4.558417921364307235e-01
9.596400451660156250e+01 8.461199951171875000e+01 1.938653684109449271e-01 4.601652583777904315e-01
9.608000183105468750e+01 8.455200195312500000e+01 1.919794579446315874e-01 4.548683249056339473e-01
9.576399993896484375e+01 8.453599548339843750e+01 1.966434598863124883e-01 4.539393368959426800e-01
9.635199737548828125e+01 8.437200164794921875e+01 1.887334966510534340e-01 4.598096538186073334e-01
9.594000244140625000e+01 8.434400177001953125e+01 1.952584048956632623e-01 4.512234229445457601e-01
9.624400329589843750e+01 8.441200256347656250e+01 1.895055080056190500e-01 4.589772487878799323e-01
9.618000030517578125e+01 8.437999725341796875e+01 1.890503753721713975e-01 4.501341501772403442e-01
9.617199707031250000e+01 8.446800231933593750e+01 1.875433087497949680e-01 4.589744357466697955e-01
9.598000335693359375e+01 8.424800109863281250e+01 1.912679429501294992e-01 4.444863560795784263e-01
9.620400238037109375e+01 8.456400299072265625e+01 1.890816857069730628e-01 4.586023358702659425e-01
9.606800079345703125e+01 8.444400024414062500e+01 1.891391431987285709e-01 4.588319655060767999e-01
9.608799743652343750e+01 8.470400238037109375e+01 1.902639890909194886e-01 4.591678998172283310e-01
9.619599914550781250e+01 8.444000244140625000e+01 1.884179798066616118e-01 4.499133145511150511e-01
9.642400360107421875e+01 8.450800323486328125e+01 1.840048178732395234e-01 4.551136939227580780e-01
9.617599487304687500e+01 8.451200103759765625e+01 1.899935731291770846e-01 4.564050705730914870e-01
9.617199707031250000e+01 8.455599975585937500e+01 1.893695583641528957e-01 4.768873810172081229e-01
9.613600158691406250e+01 8.478400421142578125e+01 1.880900897830724838e-01 4.593619017004966776e-01
9.617199707031250000e+01 8.441200256347656250e+01 1.882181783914566031e-01 4.543825267255306444e-01
9.612799835205078125e+01 8.465999603271484375e+01 1.892364600598812063e-01 4.583144581913948246e-01
9.620000457763671875e+01 8.456800079345703125e+01 1.865909444540738982e-01 4.525266953706741369e-01
9.623600006103515625e+01 8.458399963378906250e+01 1.871301551014185049e-01 4.534303148388862392e-01
9.642800140380859375e+01 8.461199951171875000e+01 1.827250665277242725e-01 4.601917098760605063e-01
9.628400421142578125e+01 8.459200286865234375e+01 1.856609082669019584e-01 4.533874371945857962e-01
9.634000396728515625e+01 8.444799804687500000e+01 1.848484154343605079e-01 4.489727505147457221e-01
9.634000396728515625e+01 8.454399871826171875e+01 1.835439460873603823e-01 4.553866222500800864e-01
9.638000488281250000e+01 8.457199859619140625e+01 1.844681587219238195e-01 4.537459111213684171e-01
9.643199920654296875e+01 8.430400085449218750e+01 1.833255009055137497e-01 4.495563822090625772e-01
9.643599700927734375e+01 8.432400512695312500e+01 1.842928013801574672e-01 4.468827551305293855e-01
9.649599456787109375e+01 8.441600036621093750e+01 1.813697844743728527e-01 4.514224713742733264e-01
9.641999816894531250e+01 8.448799896240234375e+01 1.804036007076501857e-01 4.544268243908882177e-01
9.630799865722656250e+01 8.443599700927734375e+01 1.833068190068006531e-01 4.542657319903373736e-01
9.640000152587890625e+01 8.458799743652343750e+01 1.817924247980117758e-01 4.552699017822742222e-01
9.636800384521484375e+01 8.437200164794921875e+01 1.823057513684034348e-01 4.543985782861709732e-01
9.636399841308593750e+01 8.458399963378906250e+01 1.807981141656637147e-01 4.700948715209961049e-01
9.648000335693359375e+01 8.431999969482421875e+01 1.807634865194558960e-01 4.816811038255691679e-01
9.641600036621093750e+01 8.438800048828125000e+01 1.820681433975696595e-01 4.573463445603847544e-01
9.624400329589843750e+01 8.471599578857421875e+01 1.851452484577894297e-01 4.751352444291114807e-01
9.618399810791015625e+01 8.478400421142578125e+01 1.856436867862939766e-01 4.744294899106025754e-01
9.631199645996093750e+01 8.452799987792968750e+01 1.816724892705678940e-01 4.589548143744468511e-01
9.636399841308593750e+01 8.435199737548828125e+01 1.810753139555454361e-01 4.548801826536655324e-01
9.648400115966796875e+01 8.456800079345703125e+01 1.794857664555311316e-01 4.603275016844272649e-01
9.642800140380859375e+01 8.442400360107421875e+01 1.798965950310230377e-01 4.509362627565860482e-01
9.636800384521484375e+01 8.467599487304687500e+01 1.814500127583742184e-01 4.596908938586711790e-01
9.645599365234375000e+01 8.483200073242187500e+01 1.807638884335756313e-01 4.841835328042506936e-01
9.640399932861328125e+01 8.454800415039062500e+01 1.823892698734998763e-01 4.679396818578243078e-01
9.613999938964843750e+01 8.458000183105468750e+01 1.842723648548126314e-01 4.655283417403697777e-01
9.638800048828125000e+01 8.439599609375000000e+01 1.826839569956064113e-01 4.600738468766212286e-01
9.634799957275390625e+01 8.426399993896484375e+01 1.833234396129846677e-01 4.539240185618400591e-01
9.664800262451171875e+01 8.432400512695312500e+01 1.769031036049127648e-01 4.582116686999797572e-01
9.634000396728515625e+01 8.435199737548828125e+01 1.805182272940873967e-01 4.738021395206451492e-01
9.645999908447265625e+01 8.448400115966796875e+01 1.777095719873905133e-01 4.590113157629966967e-01
9.646400451660156250e+01 8.455599975585937500e+01 1.797355963438749260e-01 4.743419145047664820e-01
9.651599884033203125e+01 8.451999664306640625e+01 1.770997989177703902e-01 4.748751263916492493e-01
9.648000335693359375e+01 8.460400390625000000e+01 1.785230662673711888e-01 4.696034010648727497e-01
9.672399902343750000e+01 8.444000244140625000e+01 1.742797497361898429e-01 4.672574355304240923e-01
9.636399841308593750e+01 8.444000244140625000e+01 1.790207160115241947e-01 4.718655144870281259e-01
9.663199615478515625e+01 8.481999969482421875e+01 1.741046783030033018e-01 4.778974804580211622e-01
9.657599639892578125e+01 8.418800354003906250e+01 1.765318389832973567e-01 4.680528713762759918e-01
9.633599853515625000e+01 8.459999847412109375e+01 1.799622185528278462e-01 4.720521996915340579e-01
9.637599945068359375e+01 8.452799987792968750e+01 1.788935523927211724e-01 4.641752105057239675e-01
9.661599731445312500e+01 8.452400207519531250e+01 1.741668573915958473e-01 4.760075342059135184e-01
9.636399841308593750e+01 8.455599975585937500e+01 1.798802462220192022e-01 4.698210700154304420e-01
9.659199523925781250e+01 8.424400329589843750e+01 1.738054150938987685e-01 4.606836162805557078e-01
9.663599395751953125e+01 8.426000213623046875e+01 1.740608695000410155e-01 4.515646260082721852e-01
9.676000213623046875e+01 8.415599822998046875e+01 1.737518484294414411e-01 4.553495323657989480e-01
9.651200103759765625e+01 8.459999847412109375e+01 1.757647891789674843e-01 4.715426791310310395e-01
9.662799835205078125e+01 8.452799987792968750e+01 1.744911341369151936e-01 4.759153231680393059e-01
9.659999847412109375e+01 8.459999847412109375e+01 1.754625108391046628e-01 4.802988388836383904e-01
9.675199890136718750e+01 8.450000000000000000e+01 1.713017635196447397e-01 4.716532360017299808e-01
9.666000366210937500e+01 8.432400512695312500e+01 1.727284850776195646e-01 4.667832849025726483e-01
9.655200195312500000e+01 8.450400543212890625e+01 1.746910525411367321e-01 4.722504282891750171e-01
9.658000183105468750e+01 8.398799896240234375e+01 1.749654762893915194e-01 4.620480423271656201e-01
9.662799835205078125e+01 8.434400177001953125e+01 1.736083178669214355e-01 4.651871794164180729e-01
9.658799743652343750e+01 8.416000366210937500e+01 1.744070654213428495e-01 4.712157884240150696e-01
9.654000091552734375e+01 8.418000030517578125e+01 1.755969629287719713e-01 4.734898539781570159e-01
9.670800018310546875e+01 8.431999969482421875e+01 1.726262601017951870e-01 4.691023259460925798e-01
