6.070800018310546875e+01 6.625999450683593750e+01 9.883418076038360534e-01 7.290856152772903220e-01
7.215599822998046875e+01 7.234400177001953125e+01 6.655832211971283163e-01 7.003388528823852877e-01
7.763599395751953125e+01 7.530000305175781250e+01 5.912544502019881909e-01 6.627323547601700060e-01
8.089200592041015625e+01 7.708399963378906250e+01 5.512408957481383931e-01 6.384382476806640394e-01
8.312400054931640625e+01 7.788400268554687500e+01 5.189452927112578884e-01 6.158669657111167650e-01
8.506800079345703125e+01 7.904399871826171875e+01 4.925762543678283700e-01 6.014262443780898915e-01
8.636800384521484375e+01 7.926399993896484375e+01 4.677691195011138836e-01 5.873304517269134495e-01
8.736799621582031250e+01 7.981600189208984375e+01 4.452658783197402936e-01 5.779187704920768498e-01
8.867600250244140625e+01 8.008399963378906250e+01 4.242837947607040472e-01 5.696377558112144524e-01
8.955199432373046875e+01 8.039199829101562500e+01 4.044512368440628114e-01 5.634499770998955270e-01
9.075599670410156250e+01 8.052399444580078125e+01 3.844132066965103012e-01 5.581615056395530239e-01
9.141200256347656250e+01 8.029999542236328125e+01 3.667238625884056136e-01 5.535481206178665126e-01
9.209999847412109375e+01 8.055999755859375000e+01 3.496386606097221517e-01 5.520488682389259605e-01
9.264800262451171875e+01 8.080000305175781250e+01 3.342940534055233170e-01 5.528825845718383647e-01
9.335600280761718750e+01 8.037999725341796875e+01 3.177356323003768801e-01 5.514813970327376857e-01
9.398000335693359375e+01 8.045999908447265625e+01 3.038208656609058256e-01 5.510197770595550715e-01
9.452000427246093750e+01 8.041600036621093750e+01 2.902038956284522797e-01 5.550485563278197976e-01
9.512400054931640625e+01 8.069599914550781250e+01 2.758911041617393423e-01 5.564175760746001842e-01
9.538000488281250000e+01 8.018800354003906250e+01 2.657710241377353455e-01 5.616676779985427803e-01
9.582800292968750000e+01 8.043199920654296875e+01 2.542571376562118290e-01 5.625321924090385117e-01
9.607199859619140625e+01 7.996399688720703125e+01 2.433894977271556792e-01 5.693206215500831169e-01
9.618000030517578125e+01 8.041999816894531250e+01 2.361197523176670199e-01 5.688799610733985546e-01
9.649199676513671875e+01 8.004399871826171875e+01 2.266631951034069059e-01 5.723473257422446725e-01
9.671599578857421875e+01 7.992399597167968750e+01 2.196641094982623998e-01 5.763900179266929769e-01
9.673200225830078125e+01 7.971199798583984375e+01 2.131620043516159191e-01 5.785940707921981563e-01
9.701999664306640625e+01 7.973999786376953125e+01 2.063913705646991670e-01 5.854490413069725063e-01
9.704800415039062500e+01 7.972800445556640625e+01 2.003644203543663016e-01 5.889750883579254470e-01
9.723200225830078125e+01 7.953600311279296875e+01 1.943848673403263116e-01 5.924387477636336996e-01
9.729199981689453125e+01 7.959200286865234375e+01 1.899746826589107651e-01 5.966220120787620873e-01
9.725999450683593750e+01 7.918399810791015625e+01 1.853338427245616871e-01 6.031317183971405260e-01
9.732400512695312500e+01 7.889999389648437500e+01 1.817443522214889640e-01 6.054479190111160536e-01
9.743599700927734375e+01 7.946399688720703125e+01 1.770867209732532588e-01 6.141663854718207860e-01
9.729999542236328125e+01 7.903599548339843750e+01 1.746518845558166499e-01 6.193740095198154716e-01
9.753199768066406250e+01 7.943599700927734375e+01 1.708159018158912634e-01 6.229425418674945369e-01
9.741200256347656250e+01 7.876399993896484375e+01 1.678086926490068298e-01 6.222007904648780841e-01
9.762400054931640625e+01 7.856400299072265625e+01 1.647783374488353825e-01 6.307728223204612794e-01
9.743599700927734375e+01 7.870400238037109375e+01 1.624835391044616717e-01 6.352006042599678270e-01
9.768000030517578125e+01 7.901200103759765625e+01 1.590661169588565849e-01 6.397197122573852202e-01
9.773999786376953125e+01 7.851999664306640625e+01 1.563708011955022847e-01 6.417688724696636315e-01
9.761599731445312500e+01 7.861599731445312500e+01 1.554559472501277906e-01 6.439942202568054164e-01
9.764800262451171875e+01 7.870400238037109375e+01 1.523731415867805583e-01 6.544615457952022153e-01
9.757599639892578125e+01 7.849599456787109375e+01 1.513791708946227998e-01 6.574942441284656880e-01
9.779199981689453125e+01 7.867199707031250000e+01 1.481712819039821549e-01 6.626188559234141850e-01
9.764400482177734375e+01 7.858000183105468750e+01 1.472545656859874652e-01 6.583521360754966967e-01
9.767199707031250000e+01 7.825599670410156250e+01 1.454938260614871970e-01 6.698044377565384178e-01
9.780799865722656250e+01 7.771599578857421875e+01 1.437982285469770471e-01 6.734566230773926243e-01
9.778800201416015625e+01 7.826000213623046875e+01 1.414898143559694399e-01 6.697577015757560925e-01
9.773600006103515625e+01 7.837200164794921875e+01 1.398733099848032124e-01 6.776987386345862951e-01
9.785199737548828125e+01 7.797599792480468750e+01 1.388908138871192965e-01 6.729742319583892352e-01
9.765999603271484375e+01 7.753599548339843750e+01 1.380974407941102933e-01 6.859215707778930637e-01
9.769200134277343750e+01 7.826799774169921875e+01 1.373559142500162256e-01 6.875340111255645592e-01
9.770800018310546875e+01 7.756400299072265625e+01 1.357578965276479699e-01 6.828931805491447182e-01
9.776399993896484375e+01 7.802400207519531250e+01 1.341375318020582297e-01 6.897813872098922383e-01
9.783200073242187500e+01 7.734400177001953125e+01 1.326846472024917623e-01 6.902065428495407495e-01
9.779599761962890625e+01 7.770800018310546875e+01 1.314618162959814152e-01 6.955593690872192703e-01
9.786399841308593750e+01 7.746400451660156250e+01 1.302488836646079895e-01 7.015670275092125152e-01
9.789599609375000000e+01 7.740000152587890625e+01 1.278720744997262904e-01 6.979519311189651409e-01
9.783999633789062500e+01 7.719200134277343750e+01 1.274575730860233180e-01 6.991253291070461673e-01
9.786000061035156250e+01 7.783599853515625000e+01 1.261096093505620908e-01 7.151879404187202471e-01
9.794400024414062500e+01 7.754799652099609375e+01 1.248547829985618557e-01 7.067769964039325448e-01
9.798400115966796875e+01 7.743599700927734375e+01 1.241573928296565987e-01 7.097070054411888096e-01
9.780799865722656250e+01 7.773600006103515625e+01 1.238121280819177578e-01 7.159273934960365127e-01
9.779999542236328125e+01 7.707599639892578125e+01 1.229187366664409586e-01 7.151118902862072524e-01
9.777200317382812500e+01 7.666400146484375000e+01 1.223109592348337188e-01 7.241734158396720966e-01
9.780400085449218750e+01 7.739599609375000000e+01 1.215387529581785225e-01 7.160367924273014495e-01
9.782800292968750000e+01 7.697200012207031250e+01 1.200595692694187144e-01 7.228850576281548035e-01
9.787999725341796875e+01 7.736399841308593750e+01 1.191175470650196050e-01 7.309386810064315565e-01
9.792800140380859375e+01 7.658000183105468750e+01 1.182594271600246466e-01 7.327566829323768349e-01
9.787999725341796875e+01 7.732800292968750000e+01 1.172036932110786384e-01 7.336065789163113138e-01
9.786399841308593750e+01 7.692000579833984375e+01 1.169707668274641010e-01 7.322968406379223305e-01
9.798799896240234375e+01 7.704799652099609375e+01 1.158430696129798820e-01 7.457706128358840836e-01
9.792400360107421875e+01 7.720000457763671875e+01 1.151264435946941361e-01 7.388184162378310660e-01
9.786000061035156250e+01 7.525600433349609375e+01 1.143369047045707659e-01 7.581787144541740631e-01
9.787200164794921875e+01 7.692000579833984375e+01 1.143084520250558789e-01 7.469299278259277086e-01
9.798400115966796875e+01 7.697200012207031250e+01 1.132480013370513877e-01 7.461591822504997085e-01
9.773600006103515625e+01 7.668399810791015625e+01 1.133512201309204159e-01 7.485415666997432549e-01
9.795200347900390625e+01 7.568399810791015625e+01 1.117623333334922808e-01 7.573014788627624450e-01
9.783599853515625000e+01 7.646800231933593750e+01 1.116140701174735961e-01 7.542105588316917464e-01
9.789599609375000000e+01 7.588800048828125000e+01 1.106464305967092554e-01 7.509109482169151750e-01
9.791200256347656250e+01 7.645999908447265625e+01 1.108652274012565664e-01 7.552849948406219482e-01
9.786399841308593750e+01 7.660800170898437500e+01 1.097274810522794741e-01 7.539809010028839520e-01
9.782800292968750000e+01 7.690399932861328125e+01 1.093421104550361678e-01 7.571085604727267881e-01
9.793999481201171875e+01 7.681600189208984375e+01 1.081114939898252525e-01 7.587357329726218680e-01
9.806800079345703125e+01 7.679199981689453125e+01 1.069656956195831343e-01 7.630467193126678760e-01
9.791600036621093750e+01 7.570400238037109375e+01 1.069439716190099671e-01 7.613251664638519545e-01
9.791200256347656250e+01 7.686399841308593750e+01 1.062972560673952072e-01 7.720960828661919129e-01
9.802799987792968750e+01 7.644400024414062500e+01 1.059340723156929065e-01 7.552297638356685328e-01
9.797999572753906250e+01 7.537200164794921875e+01 1.059519228786230116e-01 7.644676141142845438e-01
9.787999725341796875e+01 7.667199707031250000e+01 1.057863303720951026e-01 7.622307469844817884e-01
9.788400268554687500e+01 7.644799804687500000e+01 1.052902777343988350e-01 7.657467042803763890e-01
9.789599609375000000e+01 7.657199859619140625e+01 1.045267905294895161e-01 7.691476185321808323e-01
9.800399780273437500e+01 7.620000457763671875e+01 1.041856016218662279e-01 7.651691450178623732e-01
9.800000000000000000e+01 7.689599609375000000e+01 1.028599785268306671e-01 7.770366525352001563e-01
9.795999908447265625e+01 7.563600158691406250e+01 1.027881330698728612e-01 7.684453376829624149e-01
9.792400360107421875e+01 7.598400115966796875e+01 1.032104904949665003e-01 7.725949613451957854e-01
9.804800415039062500e+01 7.653199768066406250e+01 1.012247958928346597e-01 7.827804453372955162e-01
9.773999786376953125e+01 7.599199676513671875e+01 1.032217383682727807e-01 7.893780467808246826e-01
9.800000000000000000e+01 7.588400268554687500e+01 1.011643206477165213e-01 7.797145507335663250e-01
9.795999908447265625e+01 7.595600128173828125e+01 1.008018058538436845e-01 7.776253866851330354e-01
9.790399932861328125e+01 7.622399902343750000e+01 1.007542756646871568e-01 7.838422199487685704e-01
9.791200256347656250e+01 7.635600280761718750e+01 1.004641322642564755e-01 7.913612984716892340e-01
9.794800567626953125e+01 7.680000305175781250e+01 1.007729981988668422e-01 7.939386088252067264e-01
9.797999572753906250e+01 7.570400238037109375e+01 9.890497593581676350e-02 7.825002177357673894e-01
9.811599731445312500e+01 7.513200378417968750e+01 9.813197705149651062e-02 7.845197963416576936e-01
9.812800598144531250e+01 7.530799865722656250e+01 9.777980394661427155e-02 7.893043661713600168e-01
9.808800506591796875e+01 7.513200378417968750e+01 9.745851914584637010e-02 7.932127205133437942e-01
9.806400299072265625e+01 7.642800140380859375e+01 9.744722633063793160e-02 7.913321875035762565e-01
9.794400024414062500e+01 7.580799865722656250e+01 9.802116461098193956e-02 7.869868688583373517e-01
9.794400024414062500e+01 7.624800109863281250e+01 9.829488885402679066e-02 7.855323557853698402e-01
9.797599792480468750e+01 7.548799896240234375e+01 9.747056417167186682e-02 8.036723818182944790e-01
9.783599853515625000e+01 7.596399688720703125e+01 9.675544520467520282e-02 8.018214066326617706e-01
9.803599548339843750e+01 7.622799682617187500e+01 9.575945603847503540e-02 8.050774358808994169e-01
9.806800079345703125e+01 7.483599853515625000e+01 9.568689744919538220e-02 7.913418163359164925e-01
9.793999481201171875e+01 7.595999908447265625e+01 9.552603782713413316e-02 7.897533509135246099e-01
9.793199920654296875e+01 7.489600372314453125e+01 9.523438324034214086e-02 8.012246764600277071e-01
9.800000000000000000e+01 7.529600524902343750e+01 9.477902355790138178e-02 7.965038892924785063e-01
9.806400299072265625e+01 7.562400054931640625e+01 9.435048470646142937e-02 7.875259808003902684e-01
9.761199951171875000e+01 7.608000183105468750e+01 1.015777636468410544e-01 7.920035333931445543e-01
9.803199768066406250e+01 7.556399536132812500e+01 9.457323312014341565e-02 7.826721107959747625e-01
9.791200256347656250e+01 7.543199920654296875e+01 9.618719893693923606e-02 7.821522866189479783e-01
9.807999420166015625e+01 7.534799957275390625e+01 9.456117273122072175e-02 8.012974253296851757e-01
9.806800079345703125e+01 7.591999816894531250e+01 9.356247141212224727e-02 7.841947134733200375e-01
9.797999572753906250e+01 7.656000518798828125e+01 9.259688869118690158e-02 8.033586075603962318e-01
9.798799896240234375e+01 7.618799591064453125e+01 9.265462699532509006e-02 7.998517819941043383e-01
9.801599884033203125e+01 7.546399688720703125e+01 9.143713787198066989e-02 7.929213758409022761e-01
9.807999420166015625e+01 7.585199737548828125e+01 9.175466316938400702e-02 7.949505901336669789e-01
9.801200103759765625e+01 7.517200469970703125e+01 9.107952669262886491e-02 8.073703022897243953e-01
9.800800323486328125e+01 7.629600524902343750e+01 9.191086426377297058e-02 8.036777620911598197e-01
9.788800048828125000e+01 7.583600616455078125e+01 9.234950914233923391e-02 8.013244119286536682e-01
9.797200012207031250e+01 7.491200256347656250e+01 9.301762147247791268e-02 8.138431859314441130e-01
9.795200347900390625e+01 7.613999938964843750e+01 9.214884641021489631e-02 8.071263358294963330e-01
9.805200195312500000e+01 7.504799652099609375e+01 8.997515191882848873e-02 7.939879275858402474e-01
9.804000091552734375e+01 7.570400238037109375e+01 9.061169776320457392e-02 8.021435872316360349e-01
9.795200347900390625e+01 7.593600463867187500e+01 8.998537900298833603e-02 8.086109576225281037e-01
9.815200042724609375e+01 7.464799499511718750e+01 8.909195055067539726e-02 8.057706568837166294e-01
9.807599639892578125e+01 7.472799682617187500e+01 8.890713766217231417e-02 8.065873070061206906e-01
9.797599792480468750e+01 7.503200531005859375e+01 8.867512026429176519e-02 8.126385552585124739e-01
9.798400115966796875e+01 7.610800170898437500e+01 8.903283620625734862e-02 8.145976634025573482e-01
9.816799926757812500e+01 7.483999633789062500e+01 8.826815787702799176e-02 8.077131078541278653e-01
9.805599975585937500e+01 7.540799713134765625e+01 8.801109130680560833e-02 8.102176734209061149e-01
9.802400207519531250e+01 7.582399749755859375e+01 8.748833107948303378e-02 8.144868481755256351e-01
9.813999938964843750e+01 7.523600006103515625e+01 8.688522644340991585e-02 8.093993942439555722e-01
9.812800598144531250e+01 7.522799682617187500e+01 8.699892891198396372e-02 8.117078649997711004e-01
9.802799987792968750e+01 7.530799865722656250e+01 8.796781775355339006e-02 8.090187227725982311e-01
9.798400115966796875e+01 7.435200500488281250e+01 8.743405749648809622e-02 8.092155275344848908e-01
9.804800415039062500e+01 7.574800109863281250e+01 8.675787319988012558e-02 8.164574960172176210e-01
9.806400299072265625e+01 7.568000030517578125e+01 8.703391052037477704e-02 8.227829613983631551e-01
9.808800506591796875e+01 7.388800048828125000e+01 8.591645577549934798e-02 8.243732194602489960e-01
9.802400207519531250e+01 7.534400177001953125e+01 8.692991216480731864e-02 8.090551728010177968e-01
9.804000091552734375e+01 7.521600341796875000e+01 8.665496854484081024e-02 8.087513983845711074e-01
9.807999420166015625e+01 7.599600219726562500e+01 8.657222581654787363e-02 8.114594891369343310e-01
9.807199859619140625e+01 7.579199981689453125e+01 8.613422010093926828e-02 8.161056812703609831e-01
9.793199920654296875e+01 7.522399902343750000e+01 8.822722631692886397e-02 8.049083946645260168e-01
9.802799987792968750e+01 7.572799682617187500e+01 8.693945174664259590e-02 8.113800781667233064e-01
9.796800231933593750e+01 7.546399688720703125e+01 8.673827011138200704e-02 8.164865954220295041e-01
9.799600219726562500e+01 7.459600067138671875e+01 8.624801506847143417e-02 8.165105862021446725e-01
9.807999420166015625e+01 7.476799774169921875e+01 8.537926311045884731e-02 8.130462495684623869e-01
9.807599639892578125e+01 7.413600158691406250e+01 8.541020458936690596e-02 8.116808422505855658e-01
9.803599548339843750e+01 7.618000030517578125e+01 8.452948898077011775e-02 8.420401461720466996e-01
9.806400299072265625e+01 7.470399475097656250e+01 8.404449554532766875e-02 8.198054817020893337e-01
9.807999420166015625e+01 7.542799377441406250e+01 8.343936529755592579e-02 8.241766186952590445e-01
9.809600067138671875e+01 7.432399749755859375e+01 8.388873740285635039e-02 8.185492631196975566e-01
9.808800506591796875e+01 7.613999938964843750e+01 8.372072783857584244e-02 8.366341095268726713e-01
9.822800445556640625e+01 7.495200347900390625e+01 8.291680458188056824e-02 8.184800238013267837e-01
9.810800170898437500e+01 7.415599822998046875e+01 8.421332276612519818e-02 8.151253052055835724e-01
9.808800506591796875e+01 7.587200164794921875e+01 8.340475575625896920e-02 8.289649250209331077e-01
9.799200439453125000e+01 7.591600036621093750e+01 8.445232249051332074e-02 8.278405792415142184e-01
9.797999572753906250e+01 7.534799957275390625e+01 8.461123919486999989e-02 8.120940519571304694e-01
9.813600158691406250e+01 7.540399932861328125e+01 8.260938923060894001e-02 8.242217636108398748e-01
9.812400054931640625e+01 7.476399993896484375e+01 8.187086406350135848e-02 8.212262490987777275e-01
9.808800506591796875e+01 7.519999694824218750e+01 8.122871468216180668e-02 8.270878664851188944e-01
9.812400054931640625e+01 7.499600219726562500e+01 8.207407094538211878e-02 8.166370182633400088e-01
9.805599975585937500e+01 7.440799713134765625e+01 8.221334860473870909e-02 8.242288012802601038e-01
9.806800079345703125e+01 7.323600006103515625e+01 8.177914150059223397e-02 8.345302264392375768e-01
9.810400390625000000e+01 7.327200317382812500e+01 8.117193778604268883e-02 8.260973096489906409e-01
9.803599548339843750e+01 7.475600433349609375e+01 8.180903644114732864e-02 8.295460700094700046e-01
9.795600128173828125e+01 7.533599853515625000e+01 8.134953680634499085e-02 8.248157198429107995e-01
9.797200012207031250e+01 7.355999755859375000e+01 8.232390603423118958e-02 8.242495174109936151e-01
9.800000000000000000e+01 7.546399688720703125e+01 8.286906601488590318e-02 8.135934825539589133e-01
9.803199768066406250e+01 7.419599914550781250e+01 8.162132617086172159e-02 8.204523096084594957e-01
9.811999511718750000e+01 7.534799957275390625e+01 8.065504116564989334e-02 8.364285163879394691e-01
9.806400299072265625e+01 7.400800323486328125e+01 8.037957630306481749e-02 8.319872585237025886e-01
9.816799926757812500e+01 7.318000030517578125e+01 8.023041533678769432e-02 8.495572804212569995e-01
9.796800231933593750e+01 7.502799987792968750e+01 8.153859922289848072e-02 8.349775383472443080e-01
9.804800415039062500e+01 7.486799621582031250e+01 8.048025526106357408e-02 8.336857083439827010e-01
9.803599548339843750e+01 7.318800354003906250e+01 7.991705628484487012e-02 8.422841373682021793e-01
9.812800598144531250e+01 7.296400451660156250e+01 7.959598083049058970e-02 8.437184737026691694e-01
9.807999420166015625e+01 7.313600158691406250e+01 7.964367704093455735e-02 8.359481353461742925e-01
9.803199768066406250e+01 7.552400207519531250e+01 8.053048504143953124e-02 8.399604209661484244e-01
9.785199737548828125e+01 7.602799987792968750e+01 8.610023763030767718e-02 8.306021807491779096e-01
9.804800415039062500e+01 7.457600402832031250e+01 8.136733641475439593e-02 8.252892236113548163e-01
9.802400207519531250e+01 7.516000366210937500e+01 8.192999237775802635e-02 8.237136676907539368e-01
9.787200164794921875e+01 7.370800018310546875e+01 8.426676917821168677e-02 8.169634216725826237e-01
9.802799987792968750e+01 7.501200103759765625e+01 8.079676380008458947e-02 8.145688281357288396e-01
9.814399719238281250e+01 7.545200347900390625e+01 8.014171683043241901e-02 8.193185752332210470e-01
9.805999755859375000e+01 7.517600250244140625e+01 7.979552336037158689e-02 8.172031660676002396e-01
9.800000000000000000e+01 7.409600067138671875e+01 8.054801481962203802e-02 8.119032519459724595e-01
9.805200195312500000e+01 7.547600555419921875e+01 8.082331819087267000e-02 8.210223035514354617e-01
9.800000000000000000e+01 7.576000213623046875e+01 7.928129296749830690e-02 8.468294151723384511e-01
9.797599792480468750e+01 7.428800201416015625e+01 7.934552698582410246e-02 8.150706824362278224e-01
9.804000091552734375e+01 7.448799896240234375e+01 7.907389479875565064e-02 8.128528661131858568e-01
9.808399963378906250e+01 7.541999816894531250e+01 7.805997222661971435e-02 8.300004450082778540e-01
9.805999755859375000e+01 7.467200469970703125e+01 7.817042285948991309e-02 8.190091123580932608e-01
9.804399871826171875e+01 7.420399475097656250e+01 7.746301177889108880e-02 8.235211693346500272e-01
9.824800109863281250e+01 7.506800079345703125e+01 7.663982419669627955e-02 8.309988659620285434e-01
9.815599822998046875e+01 7.421600341796875000e+01 7.758576657623052208e-02 8.316523208618163965e-01
9.818399810791015625e+01 7.473200225830078125e+01 7.671756981313228307e-02 8.375709494352340245e-01
9.809200286865234375e+01 7.503200531005859375e+01 7.693628805875778187e-02 8.215545917153358468e-01
9.805200195312500000e+01 7.512000274658203125e+01 7.696846669167280164e-02 8.442763395607471022e-01
9.825599670410156250e+01 7.279199981689453125e+01 7.575005917996167903e-02 8.420536475777625762e-01
9.819599914550781250e+01 7.435600280761718750e+01 7.606611762195825133e-02 8.282855433523654831e-01
9.821599578857421875e+01 7.434799957275390625e+01 7.602289914339781240e-02 8.255095319747924876e-01
9.803599548339843750e+01 7.425600433349609375e+01 7.673858073353767573e-02 8.223576063513755585e-01
9.801599884033203125e+01 7.390000152587890625e+01 7.684328133612870759e-02 8.340984938740729771e-01
9.811199951171875000e+01 7.298799896240234375e+01 7.581013646721840304e-02 8.314044917523860656e-01
9.814399719238281250e+01 7.395600128173828125e+01 7.633473377674818150e-02 8.311825021505355737e-01
9.809600067138671875e+01 7.500799560546875000e+01 7.573860390484332683e-02 8.427761300206184636e-01
9.816400146484375000e+01 7.545999908447265625e+01 7.577696829289197467e-02 8.558044369816779628e-01
9.813999938964843750e+01 7.522799682617187500e+01 7.612776429206133399e-02 8.300243484675884353e-01
9.811599731445312500e+01 7.503600311279296875e+01 7.530426327139139175e-02 8.453464325964450410e-01
9.805200195312500000e+01 7.407600402832031250e+01 7.663284784555435269e-02 8.278714213669300381e-01
9.815999603271484375e+01 7.386000061035156250e+01 7.588233556598425467e-02 8.416965793967247089e-01
9.818800354003906250e+01 7.319599914550781250e+01 7.456632734835147436e-02 8.288112148046493655e-01
9.814399719238281250e+01 7.542399597167968750e+01 7.602444417029619039e-02 8.510768792331219190e-01
9.810800170898437500e+01 7.558799743652343750e+01 7.565289317071437203e-02 8.700710434913635494e-01
9.808800506591796875e+01 7.301200103759765625e+01 7.614861280471087179e-02 8.394290935993194980e-01
9.820400238037109375e+01 7.335199737548828125e+01 7.515532368421554144e-02 8.391756578683853274e-01
9.809600067138671875e+01 7.332800292968750000e+01 7.465453386306762640e-02 8.377420711517333807e-01
9.809200286865234375e+01 7.367600250244140625e+01 7.533953401446343012e-02 8.594481427371502003e-01
9.809999847412109375e+01 7.359999847412109375e+01 7.477896054089069877e-02 8.346300679743290374e-01
9.813999938964843750e+01 7.344400024414062500e+01 7.507279796898365387e-02 8.271556274890899951e-01
9.811999511718750000e+01 7.361599731445312500e+01 7.441104413568973286e-02 8.525026301741600587e-01
9.814800262451171875e+01 7.402399444580078125e+01 7.419835491478443679e-02 8.375861745178699858e-01
9.801200103759765625e+01 7.375599670410156250e+01 7.488705459982156198e-02 8.466511470675468498e-01
9.814800262451171875e+01 7.387999725341796875e+01 7.388395184278488681e-02 8.524150998890399622e-01
9.818399810791015625e+01 7.330800628662109375e+01 7.356233637034892414e-02 8.341659441292286203e-01
9.812400054931640625e+01 7.273200225830078125e+01 7.378038863092660493e-02 8.372382125258446273e-01
9.806800079345703125e+01 7.245200347900390625e+01 7.394731868803501584e-02 8.501448015570640671e-01
9.806400299072265625e+01 7.273999786376953125e+01 7.501794526726007772e-02 8.413302131891250424e-01
9.810800170898437500e+01 7.304399871826171875e+01 7.361316272616386103e-02 8.295219735205173750e-01
9.811999511718750000e+01 7.508399963378906250e+01 7.356547932326794326e-02 8.515198119282721967e-01
9.813999938964843750e+01 7.351599884033203125e+01 7.357759232074022326e-02 8.309714498519897852e-01
9.807599639892578125e+01 7.418000030517578125e+01 7.445895225554705066e-02 8.260494321882724256e-01
9.810400390625000000e+01 7.253199768066406250e+01 7.384479448944329671e-02 8.355058343112469199e-01
9.816400146484375000e+01 7.279999542236328125e+01 7.354270862042903978e-02 8.453218718171119361e-01
9.815599822998046875e+01 7.377999877929687500e+01 7.333638464659451850e-02 8.268812786042690766e-01
9.805999755859375000e+01 7.233999633789062500e+01 7.300043480098247772e-02 8.410311938822269129e-01
9.813600158691406250e+01 7.198400115966796875e+01 7.324343691021203973e-02 8.502612425684928921e-01
9.807999420166015625e+01 7.322000122070312500e+01 7.308106602728367540e-02 8.475916736721992306e-01
9.807199859619140625e+01 7.406800079345703125e+01 7.340950726717709873e-02 8.315164489448070295e-01
9.811199951171875000e+01 7.295999908447265625e+01 7.268515363335609214e-02 8.363533709645271097e-01
9.811999511718750000e+01 7.512400054931640625e+01 7.271645192056894191e-02 8.440538882017135647e-01
9.818000030517578125e+01 7.254800415039062500e+01 7.179258216917515367e-02 8.436754536628723322e-01
9.800800323486328125e+01 7.289199829101562500e+01 7.292681038379669745e-02 8.430462836921215342e-01
9.805200195312500000e+01 7.226799774169921875e+01 7.290083567053079472e-02 8.392736054658890277e-01
9.821199798583984375e+01 7.450799560546875000e+01 7.157239395380020353e-02 8.397216739356517801e-01
9.813200378417968750e+01 7.282400512695312500e+01 7.182428751885891471e-02 8.450943101942539615e-01
9.804000091552734375e+01 7.218000030517578125e+01 7.370507134497165935e-02 8.550716836154460543e-01
9.811999511718750000e+01 7.428800201416015625e+01 7.272180850058794499e-02 8.398883211016654471e-01
9.803599548339843750e+01 7.068799591064453125e+01 7.272298778593540292e-02 8.838198618292808506e-01
9.802799987792968750e+01 7.320400238037109375e+01 7.361277300119399569e-02 8.404358757138252756e-01
9.821199798583984375e+01 7.504000091552734375e+01 7.230857755988835678e-02 8.356242670416832441e-01
9.822000122070312500e+01 7.311999511718750000e+01 7.216357810050248733e-02 8.324285566508770051e-01
9.814399719238281250e+01 7.438800048828125000e+01 7.232927457988262698e-02 8.499803956151008588e-01
9.812400054931640625e+01 7.387599945068359375e+01 7.177540712058544381e-02 8.540637969672679741e-01
9.815599822998046875e+01 7.425199890136718750e+01 7.203030649572611521e-02 8.469316403865814191e-01
9.809200286865234375e+01 7.395200347900390625e+01 7.108434113860130632e-02 8.384688615500927034e-01
9.814800262451171875e+01 7.215200042724609375e+01 7.123092100769280732e-02 8.548339399695396024e-01
9.812800598144531250e+01 7.385200500488281250e+01 7.136453580856323697e-02 8.403459931612015099e-01
9.815200042724609375e+01 7.491200256347656250e+01 7.120215925574302496e-02 8.511244392991066388e-01
9.811599731445312500e+01 7.280799865722656250e+01 7.157432818412780284e-02 8.460512185990810563e-01
9.813999938964843750e+01 7.335199737548828125e+01 7.088770720362663758e-02 8.382497851252556087e-01
9.806800079345703125e+01 7.258399963378906250e+01 7.166363635659217524e-02 8.526082034111023278e-01
9.806800079345703125e+01 7.437999725341796875e+01 7.165019603073596866e-02 8.487538363337516767e-01
9.811999511718750000e+01 7.255599975585937500e+01 7.131982067227363165e-02 8.470600306987762229e-01
9.804399871826171875e+01 7.427600097656250000e+01 7.218795802444219478e-02 8.468740433454513550e-01
9.812400054931640625e+01 7.491600036621093750e+01 7.091234455257654223e-02 8.479542928338050789e-01
9.807199859619140625e+01 7.311999511718750000e+01 7.062383408844470634e-02 8.400741550922393719e-01
9.817199707031250000e+01 7.449600219726562500e+01 7.025455354154110099e-02 8.446363457441330436e-01
9.811599731445312500e+01 7.467600250244140625e+01 7.041823075711726998e-02 8.456468285024165699e-01
9.805999755859375000e+01 7.395600128173828125e+01 7.185179504007101203e-02 8.544987404346465754e-01
9.810800170898437500e+01 7.500799560546875000e+01 7.012786363810301349e-02 8.687027218937873885e-01
9.805599975585937500e+01 7.219999694824218750e+01 7.089663956314325166e-02 8.517715478837489806e-01
9.805200195312500000e+01 7.376800537109375000e+01 7.064134036004543482e-02 8.493031274378299855e-01
9.816799926757812500e+01 7.371600341796875000e+01 6.976582524925470374e-02 8.403961362838745508e-01
9.810400390625000000e+01 7.459200286865234375e+01 7.032809235155582095e-02 8.645038573741913313e-01
9.815999603271484375e+01 7.300399780273437500e+01 6.967081857472658124e-02 8.537840216755866463e-01
9.828800201416015625e+01 7.262799835205078125e+01 6.964944165945052834e-02 8.537714731097221232e-01
9.810800170898437500e+01 7.440799713134765625e+01 6.988543222844600944e-02 8.628197713196277263e-01
9.813600158691406250e+01 7.313999938964843750e+01 6.995970315486192692e-02 8.390925221145153490e-01
9.817600250244140625e+01 7.279599761962890625e+01 6.965157940983772444e-02 8.413825743794440815e-01
9.815999603271484375e+01 7.326399993896484375e+01 6.968260993063449260e-02 8.492137492895126538e-01
9.818800354003906250e+01 7.270400238037109375e+01 6.952978456765412929e-02 8.555605980753898665e-01
9.796400451660156250e+01 7.527600097656250000e+01 7.279536212980747267e-02 8.508986548781395376e-01
9.799200439453125000e+01 7.290800476074218750e+01 7.457174582034349630e-02 8.257211936116218842e-01
9.806800079345703125e+01 7.513999938964843750e+01 7.266634730994701863e-02 8.240868411362171075e-01
9.820800018310546875e+01 7.345600128173828125e+01 7.096496957540511519e-02 8.340362696051597524e-01
9.797599792480468750e+01 7.518799591064453125e+01 7.134407431632280860e-02 8.362978605329990378e-01
9.811199951171875000e+01 7.417200469970703125e+01 7.064182870090007782e-02 8.465442805290221973e-01
9.819999694824218750e+01 7.285199737548828125e+01 6.996252391487360611e-02 8.339203364253043871e-01
