3.000000000000000000e+00 4.549999713897705078e+00 4.310968628406524950e+00 4.146375977993011830e+00
6.527999877929687500e+00 9.269999504089355469e+00 4.023750911235809191e+00 3.849920275211334175e+00
1.069600009918212891e+01 1.440999984741210938e+01 3.757094993591308718e+00 3.572580838203430087e+00
1.471199989318847656e+01 1.598999977111816406e+01 3.524576566219329798e+00 3.449699771404266535e+00
1.777600097656250000e+01 2.064999961853027344e+01 3.357517642021179416e+00 3.183353781700134277e+00
2.033600044250488281e+01 2.219000053405761719e+01 3.219797165393829541e+00 3.114968111515045379e+00
2.229199981689453125e+01 2.461999893188476562e+01 3.111050365447998178e+00 3.034799394607543999e+00
2.438399887084960938e+01 2.479999923706054688e+01 3.012379378795623897e+00 3.002110295295715492e+00
2.618399810791015625e+01 2.750000000000000000e+01 2.924602237224578793e+00 2.885186173915863073e+00
2.772200012207031250e+01 2.722999954223632812e+01 2.846618276596069474e+00 2.948019905090331960e+00
2.933999824523925781e+01 3.143999862670898438e+01 2.778283688068389878e+00 2.707877638339996285e+00
3.032200050354003906e+01 3.211000061035156250e+01 2.713684154510497937e+00 2.677694840431213308e+00
3.174399948120117188e+01 3.129000091552734375e+01 2.661700030803680228e+00 2.765822525024414169e+00
3.297399902343750000e+01 3.404000091552734375e+01 2.601480307579040474e+00 2.580348708629608190e+00
3.352199935913085938e+01 3.454999923706054688e+01 2.563899082660674900e+00 2.596782083511352646e+00
3.466600036621093750e+01 3.447999954223632812e+01 2.520269751071929853e+00 2.595668668746948349e+00
3.555799865722656250e+01 3.438999938964843750e+01 2.478816681861877314e+00 2.598321170806884961e+00
3.622200012207031250e+01 3.577000045776367188e+01 2.441888897895812871e+00 2.548534928560256763e+00
3.688400268554687500e+01 3.645999908447265625e+01 2.404249581336975083e+00 2.500448029041290265e+00
3.760800170898437500e+01 3.568000030517578125e+01 2.372963717222213553e+00 2.503357405662536728e+00
3.881999969482421875e+01 3.661999893188476562e+01 2.334680371046066405e+00 2.479569959640502752e+00
3.904000091552734375e+01 3.745000076293945312e+01 2.318592741250991907e+00 2.448782767057418930e+00
3.950999832153320312e+01 3.831000137329101562e+01 2.294452244997024604e+00 2.430071697235107298e+00
4.028599929809570312e+01 3.785000228881835938e+01 2.259667803049087542e+00 2.442505922317504741e+00
4.086199951171875000e+01 3.811999893188476562e+01 2.234913027763366866e+00 2.448473632335662842e+00
4.138000106811523438e+01 3.740000152587890625e+01 2.208107227802276640e+00 2.462309575080871671e+00
4.181800079345703125e+01 3.811999893188476562e+01 2.184611629486084006e+00 2.486624776124954028e+00
4.230799865722656250e+01 3.825000000000000000e+01 2.167838370084762545e+00 2.440258933305740285e+00
4.269799804687500000e+01 3.774000167846679688e+01 2.149344740629196338e+00 2.513812941312790095e+00
4.278599929809570312e+01 3.927999877929687500e+01 2.136606053352355872e+00 2.414552371501922590e+00
4.329199981689453125e+01 4.027999877929687500e+01 2.112522772073745614e+00 2.356554648876190150e+00
4.388199996948242188e+01 4.023999786376953125e+01 2.089588254451751670e+00 2.363613420724868686e+00
4.456999969482421875e+01 3.846000289916992188e+01 2.067137814044952560e+00 2.482861154079437416e+00
4.482799911499023438e+01 3.909999847412109375e+01 2.060955505371093732e+00 2.433657380342483467e+00
4.469799804687500000e+01 3.997999954223632812e+01 2.051889366626739708e+00 2.421047413349151523e+00
4.565999984741210938e+01 4.036000061035156250e+01 2.022424356460571282e+00 2.420130819082260132e+00
4.593400192260742188e+01 3.909000015258789062e+01 2.001536414623260374e+00 2.497555521726608330e+00
4.618000030517578125e+01 3.978999710083007812e+01 1.992863300323486353e+00 2.462164897918701190e+00
4.629999923706054688e+01 3.973999786376953125e+01 1.986827149391174219e+00 2.452070066928863312e+00
4.638999938964843750e+01 3.947999954223632812e+01 1.976388929843902575e+00 2.491846315860748451e+00
4.699200057983398438e+01 4.159000015258789062e+01 1.950135093450546364e+00 2.380791047811507966e+00
4.695800018310546875e+01 3.977999877929687500e+01 1.950503916025161821e+00 2.447186493873596103e+00
4.784000015258789062e+01 4.119000244140625000e+01 1.925801860332489124e+00 2.380113469362258982e+00
4.805200195312500000e+01 4.015999984741210938e+01 1.903009241104125948e+00 2.454340734481811559e+00
4.798799896240234375e+01 4.006999969482421875e+01 1.905711792469024557e+00 2.432809985876083214e+00
4.848799896240234375e+01 4.022999954223632812e+01 1.890817103385925346e+00 2.417189049720763983e+00
4.875799942016601562e+01 4.052000045776367188e+01 1.871422119140625062e+00 2.415480490922927714e+00
4.896799850463867188e+01 3.897000122070312500e+01 1.878396015644073547e+00 2.560055785179138343e+00
4.922200012207031250e+01 4.038999938964843750e+01 1.859730016708374123e+00 2.466874245405197286e+00
4.945400238037109375e+01 3.957999801635742188e+01 1.851309974908828648e+00 2.551313114166259943e+00
4.972600173950195312e+01 4.002999877929687500e+01 1.831714156627655132e+00 2.491601887941360616e+00
5.006800460815429688e+01 4.250999832153320312e+01 1.823791528701782294e+00 2.358995212316512990e+00
5.043600082397460938e+01 3.943999862670898438e+01 1.811167342185974194e+00 2.579126969575881834e+00
5.103800201416015625e+01 4.007999801635742188e+01 1.796594252586364737e+00 2.562516365051269673e+00
5.059999847412109375e+01 3.973999786376953125e+01 1.798463354825973415e+00 2.556223356723785312e+00
5.130199813842773438e+01 4.097000122070312500e+01 1.777204489469528248e+00 2.488122801780700666e+00
5.142400360107421875e+01 4.029000091552734375e+01 1.770934393644332916e+00 2.472051219940185618e+00
5.168999862670898438e+01 4.151000213623046875e+01 1.762595487594604382e+00 2.447191283702850217e+00
5.208799743652343750e+01 4.081999969482421875e+01 1.746289446592330874e+00 2.489689491987228553e+00
5.201799774169921875e+01 4.175000000000000000e+01 1.750009804487228315e+00 2.432382303476333441e+00
5.201799774169921875e+01 3.900000000000000000e+01 1.742149550676345804e+00 2.581062965393066566e+00
5.223799896240234375e+01 4.036000061035156250e+01 1.730271695613861072e+00 2.527202161550521797e+00
5.272399902343750000e+01 4.222000122070312500e+01 1.711646153211593635e+00 2.417559741735458179e+00
5.272399902343750000e+01 4.197000122070312500e+01 1.720107349634170557e+00 2.469910085201263428e+00
5.336400222778320312e+01 4.006999969482421875e+01 1.695094027996063124e+00 2.593519899845123433e+00
5.317999649047851562e+01 3.962999725341796875e+01 1.699286813974380417e+00 2.619870910644531037e+00
5.321800231933593750e+01 4.029999923706054688e+01 1.694095636367797919e+00 2.625375640392303644e+00
5.380599975585937500e+01 4.134000015258789062e+01 1.676680538892745931e+00 2.507603231668472432e+00
5.344399642944335938e+01 4.086999893188476562e+01 1.677191243171691992e+00 2.537301791906356740e+00
5.411000061035156250e+01 4.052000045776367188e+01 1.664456522941589300e+00 2.585203826427459717e+00
5.393199920654296875e+01 3.943999862670898438e+01 1.659762890338897678e+00 2.663088090419769127e+00
5.440200042724609375e+01 4.065000152587890625e+01 1.644843349933624355e+00 2.577811644077300901e+00
5.484799575805664062e+01 4.143000030517578125e+01 1.635293232679366993e+00 2.555113046169280810e+00
5.486999893188476562e+01 4.090999984741210938e+01 1.629653815269470174e+00 2.569819264411926429e+00
5.554000091552734375e+01 4.154999923706054688e+01 1.612561542510986268e+00 2.552777619361877637e+00
5.485400009155273438e+01 4.081999969482421875e+01 1.623138793706893956e+00 2.597157446146011406e+00
5.518199920654296875e+01 4.118000030517578125e+01 1.606298821687698331e+00 2.572374442815780426e+00
5.590199661254882812e+01 3.943000030517578125e+01 1.599140168190002376e+00 2.670182158946991180e+00
5.587400054931640625e+01 4.079999923706054688e+01 1.591580174207687381e+00 2.585805270671844625e+00
5.598400115966796875e+01 3.961999893188476562e+01 1.587243043422698952e+00 2.696942577362060334e+00
5.604199600219726562e+01 4.086999893188476562e+01 1.582980540275573667e+00 2.593401557207107633e+00
5.641600036621093750e+01 3.948999786376953125e+01 1.573712156057357703e+00 2.651590523719787651e+00
5.663800048828125000e+01 4.056000137329101562e+01 1.561703499317169230e+00 2.620866930484771817e+00
5.663999938964843750e+01 3.897000122070312500e+01 1.565432756900787314e+00 2.767644045352935844e+00
5.643799972534179688e+01 4.065000152587890625e+01 1.560796622037887493e+00 2.625200850963592458e+00
5.640800094604492188e+01 3.950999832153320312e+01 1.556891113281249961e+00 2.677813193798065150e+00
5.709400177001953125e+01 4.156000137329101562e+01 1.543668898105621246e+00 2.565805684328079206e+00
5.716799926757812500e+01 3.978999710083007812e+01 1.535509277105331361e+00 2.739692714214324809e+00
5.773199844360351562e+01 3.838000106811523438e+01 1.523956658363342376e+00 2.833979570865631015e+00
5.751199722290039062e+01 3.998999786376953125e+01 1.522868608951568614e+00 2.718316981792449738e+00
5.789599990844726562e+01 4.000000000000000000e+01 1.513874719619751064e+00 2.713202877044677663e+00
5.788400268554687500e+01 4.018000030517578125e+01 1.510074457883834764e+00 2.703775331974029417e+00
5.817000198364257812e+01 4.081999969482421875e+01 1.505251825332641680e+00 2.726991280317306643e+00
5.854799652099609375e+01 4.104999923706054688e+01 1.489638529300689740e+00 2.641460770368575961e+00
5.867999649047851562e+01 3.962999725341796875e+01 1.485746268987655716e+00 2.711445622444152992e+00
5.888800048828125000e+01 4.061000061035156250e+01 1.479276685714721706e+00 2.660749524831771851e+00
5.864800262451171875e+01 3.876000213623046875e+01 1.480960389852523873e+00 2.886175627708435165e+00
5.865399932861328125e+01 3.984999847412109375e+01 1.474795823097228897e+00 2.696925861835479665e+00
5.863199996948242188e+01 4.061000061035156250e+01 1.485015034437179526e+00 2.630043771266937114e+00
5.914400100708007812e+01 3.899000167846679688e+01 1.459213371753692590e+00 2.813147354125976385e+00
