5.000000000000000000e+01 1.999596494324263452e+00
5.000000000000000000e+01 1.997958120391002623e+00
5.000000000000000000e+01 1.995141478147173242e+00
5.000000000000000000e+01 1.990238159781666516e+00
5.000000000000000000e+01 1.982154009715767717e+00
5.000000000000000000e+01 1.969933222052855371e+00
2.500000000000000000e+01 1.951820689936096365e+00
2.500000000000000000e+01 1.918821534356795144e+00
2.500000000000000000e+01 1.845355118977183517e+00
2.500000000000000000e+01 1.643419068582787856e+00
0.000000000000000000e+00 1.965298237178663587e+00
5.000000000000000000e+01 5.160757951854253456e-01
0.000000000000000000e+00 2.421520137762904756e-01
2.500000000000000000e+01 2.228904677918961963e-01
5.000000000000000000e+01 1.217601106265336769e-01
5.000000000000000000e+01 1.090856650990865567e-01
5.000000000000000000e+01 9.765482268666969556e-02
5.000000000000000000e+01 8.641637418743242094e-02
7.500000000000000000e+01 7.742241292579551959e-02
7.500000000000000000e+01 7.017084649319139944e-02
7.500000000000000000e+01 6.412620433399589259e-02
1.000000000000000000e+02 5.901359721316851853e-02
1.000000000000000000e+02 5.462855627450324825e-02
1.000000000000000000e+02 5.082392368035992813e-02
1.000000000000000000e+02 4.749024056913928732e-02
1.000000000000000000e+02 4.454431076339682161e-02
1.000000000000000000e+02 4.192169003135925304e-02
1.000000000000000000e+02 3.957163205552506613e-02
1.000000000000000000e+02 3.745359756443156912e-02
1.000000000000000000e+02 3.553478711225279557e-02
1.000000000000000000e+02 3.378836168720664168e-02
1.000000000000000000e+02 3.219213612353817588e-02
1.000000000000000000e+02 3.072760415564587330e-02
1.000000000000000000e+02 2.937920035482860515e-02
1.000000000000000000e+02 2.813373405185351853e-02
1.000000000000000000e+02 2.697994998953885670e-02
1.000000000000000000e+02 2.590818362419494009e-02
1.000000000000000000e+02 2.491008799140542046e-02
1.000000000000000000e+02 2.397841529634960750e-02
1.000000000000000000e+02 2.310684078881024631e-02
1.000000000000000000e+02 2.228981962613963558e-02
1.000000000000000000e+02 2.152246970151438371e-02
1.000000000000000000e+02 2.080047507956904115e-02
1.000000000000000000e+02 2.012000591361707766e-02
1.000000000000000000e+02 1.947765163991232312e-02
1.000000000000000000e+02 1.887036493978103482e-02
1.000000000000000000e+02 1.829541449003735734e-02
1.000000000000000000e+02 1.775034492878083472e-02
1.000000000000000000e+02 1.723294277844392847e-02
1.000000000000000000e+02 1.674120731338354234e-02
1.000000000000000000e+02 1.627332555200654979e-02
1.000000000000000000e+02 1.582765070571173424e-02
1.000000000000000000e+02 1.540268353803569273e-02
1.000000000000000000e+02 1.499705618427311753e-02
1.000000000000000000e+02 1.460951805976972058e-02
1.000000000000000000e+02 1.423892354811155496e-02
1.000000000000000000e+02 1.388422121165812893e-02
1.000000000000000000e+02 1.354444430870269805e-02
1.000000000000000000e+02 1.321870243586921630e-02
1.000000000000000000e+02 1.290617414264071117e-02
1.000000000000000000e+02 1.260610038832397917e-02
1.000000000000000000e+02 1.231777873120127112e-02
1.000000000000000000e+02 1.204055815584434593e-02
1.000000000000000000e+02 1.177383445814262491e-02
1.000000000000000000e+02 1.151704611900699129e-02
1.000000000000000000e+02 1.126967060732557424e-02
1.000000000000000000e+02 1.103122106088111169e-02
1.000000000000000000e+02 1.080124330083776993e-02
1.000000000000000000e+02 1.057931314127643317e-02
1.000000000000000000e+02 1.036503396026666225e-02
1.000000000000000000e+02 1.015803450325147156e-02
1.000000000000000000e+02 9.957966893199750660e-03
1.000000000000000000e+02 9.764504825146199871e-03
1.000000000000000000e+02 9.577341925469226927e-03
1.000000000000000000e+02 9.396190258617405713e-03
1.000000000000000000e+02 9.220778966040647437e-03
1.000000000000000000e+02 9.050853023859755514e-03
1.000000000000000000e+02 8.886172107354763441e-03
1.000000000000000000e+02 8.726509551701740197e-03
1.000000000000000000e+02 8.571651399568672863e-03
1.000000000000000000e+02 8.421395527213444698e-03
1.000000000000000000e+02 8.275550841634806559e-03
1.000000000000000000e+02 8.133936542125184618e-03
1.000000000000000000e+02 7.996381440276143990e-03
1.000000000000000000e+02 7.862723333108542767e-03
1.000000000000000000e+02 7.732808424546959956e-03
1.000000000000000000e+02 7.606490790944281030e-03
1.000000000000000000e+02 7.483631886792738337e-03
1.000000000000000000e+02 7.364100087140322895e-03
1.000000000000000000e+02 7.247770263572367658e-03
1.000000000000000000e+02 7.134523390921377120e-03
1.000000000000000000e+02 7.024246182139034372e-03
1.000000000000000000e+02 6.916830749006542232e-03
1.000000000000000000e+02 6.812174286575957242e-03
1.000000000000000000e+02 6.710178779429577973e-03
1.000000000000000000e+02 6.610750728018529448e-03
1.000000000000000000e+02 6.513800893498456791e-03
1.000000000000000000e+02 6.419244059620991469e-03
1.000000000000000000e+02 6.326998810366753212e-03
1.000000000000000000e+02 6.236987322120007143e-03
1.000000000000000000e+02 6.149135169288688987e-03
1.000000000000000000e+02 6.063371142366474204e-03
1.000000000000000000e+02 5.979627077519053188e-03
1.000000000000000000e+02 5.897837696852345317e-03
1.000000000000000000e+02 5.817940458590865546e-03
1.000000000000000000e+02 5.739875416456949840e-03
1.000000000000000000e+02 5.663585087599075189e-03
1.000000000000000000e+02 5.589014328470229970e-03
1.000000000000000000e+02 5.516110218103765367e-03
1.000000000000000000e+02 5.444821948278553633e-03
1.000000000000000000e+02 5.375100720104507117e-03
1.000000000000000000e+02 5.306899646594907295e-03
1.000000000000000000e+02 5.240173660826655429e-03
1.000000000000000000e+02 5.174879429317711006e-03
1.000000000000000000e+02 5.110975270280575071e-03
1.000000000000000000e+02 5.048421076434622505e-03
1.000000000000000000e+02 4.987178242084232965e-03
1.000000000000000000e+02 4.927209594190543225e-03
1.000000000000000000e+02 4.868479327184665854e-03
1.000000000000000000e+02 4.810952941287523037e-03
1.000000000000000000e+02 4.754597184119477640e-03
1.000000000000000000e+02 4.699379995396234244e-03
1.000000000000000000e+02 4.645270454523751924e-03
1.000000000000000000e+02 4.592238730915981608e-03
1.000000000000000000e+02 4.540256036872749104e-03
1.000000000000000000e+02 4.489294582865064817e-03
1.000000000000000000e+02 4.439327535086378708e-03
1.000000000000000000e+02 4.390328975136706391e-03
1.000000000000000000e+02 4.342273861716465337e-03
1.000000000000000000e+02 4.295137994213930888e-03
1.000000000000000000e+02 4.248897978078594422e-03
1.000000000000000000e+02 4.203531191879102819e-03
1.000000000000000000e+02 4.159015755951308776e-03
1.000000000000000000e+02 4.115330502547703481e-03
1.000000000000000000e+02 4.072454947405396847e-03
1.000000000000000000e+02 4.030369262654664303e-03
1.000000000000000000e+02 3.989054250995150569e-03
1.000000000000000000e+02 3.948491321071256541e-03
1.000000000000000000e+02 3.908662463982526258e-03
1.000000000000000000e+02 3.869550230868377613e-03
1.000000000000000000e+02 3.831137711510668176e-03
1.000000000000000000e+02 3.793408513900715668e-03
1.000000000000000000e+02 3.756346744720466969e-03
1.000000000000000000e+02 3.719936990690753467e-03
1.000000000000000000e+02 3.684164300741914200e-03
1.000000000000000000e+02 3.649014168965311264e-03
1.000000000000000000e+02 3.614472518305866192e-03
1.000000000000000000e+02 3.580525684958596553e-03
1.000000000000000000e+02 3.547160403434203302e-03
1.000000000000000000e+02 3.514363792260230025e-03
1.000000000000000000e+02 3.482123340286980180e-03
1.000000000000000000e+02 3.450426893568306948e-03
1.000000000000000000e+02 3.419262642789738273e-03
1.000000000000000000e+02 3.388619111217231004e-03
1.000000000000000000e+02 3.358485143142026039e-03
1.000000000000000000e+02 3.328849892797709070e-03
1.000000000000000000e+02 3.299702813727468931e-03
1.000000000000000000e+02 3.271033648580224697e-03
1.000000000000000000e+02 3.242832419315814022e-03
1.000000000000000000e+02 3.215089417800306038e-03
1.000000000000000000e+02 3.187795196773396400e-03
1.000000000000000000e+02 3.160940561170985218e-03
1.000000000000000000e+02 3.134516559786882164e-03
1.000000000000000000e+02 3.108514477258176277e-03
1.000000000000000000e+02 3.082925826360011050e-03
1.000000000000000000e+02 3.057742340595739124e-03
1.000000000000000000e+02 3.032955967069627876e-03
1.000000000000000000e+02 3.008558859629583380e-03
1.000000000000000000e+02 2.984543372268028127e-03
1.000000000000000000e+02 2.960902052769934321e-03
1.000000000000000000e+02 2.937627636597195044e-03
1.000000000000000000e+02 2.914713040999199027e-03
1.000000000000000000e+02 2.892151359340096230e-03
1.000000000000000000e+02 2.869935855633472602e-03
1.000000000000000000e+02 2.848059959275666721e-03
1.000000000000000000e+02 2.826517259969665331e-03
1.000000000000000000e+02 2.805301502831250224e-03
1.000000000000000000e+02 2.784406583670292340e-03
1.000000000000000000e+02 2.763826544439680014e-03
1.000000000000000000e+02 2.743555568845184450e-03
1.000000000000000000e+02 2.723587978109706046e-03
1.000000000000000000e+02 2.703918226885651359e-03
1.000000000000000000e+02 2.684540899309547420e-03
1.000000000000000000e+02 2.665450705193123711e-03
1.000000000000000000e+02 2.646642476345559183e-03
1.000000000000000000e+02 2.628111163021642875e-03
1.000000000000000000e+02 2.609851830490969235e-03
1.000000000000000000e+02 2.591859655723450541e-03
1.000000000000000000e+02 2.574129924186542486e-03
1.000000000000000000e+02 2.556658026750026087e-03
1.000000000000000000e+02 2.539439456694169133e-03
1.000000000000000000e+02 2.522469806817220078e-03
1.000000000000000000e+02 2.505744766638682078e-03
1.000000000000000000e+02 2.489260119694588092e-03
1.000000000000000000e+02 2.473011740921436403e-03
1.000000000000000000e+02 2.456995594125370875e-03
1.000000000000000000e+02 2.441207729533616602e-03
1.000000000000000000e+02 2.425644281424996825e-03
1.000000000000000000e+02 2.410301465836681839e-03
1.000000000000000000e+02 2.395175578344400837e-03
1.000000000000000000e+02 2.380262991913537161e-03
1.000000000000000000e+02 2.365560154818346136e-03
1.000000000000000000e+02 2.351063588627069854e-03
1.000000000000000000e+02 2.336769886250476044e-03
1.000000000000000000e+02 2.322675710051666509e-03
1.000000000000000000e+02 2.308777790014852720e-03
1.000000000000000000e+02 2.295072921971193398e-03
1.000000000000000000e+02 2.281557965879624575e-03
1.000000000000000000e+02 2.268229844160716234e-03
1.000000000000000000e+02 2.255085540081869407e-03
1.000000000000000000e+02 2.242122096191972828e-03
1.000000000000000000e+02 2.229336612803854267e-03
1.000000000000000000e+02 2.216726246522958757e-03
1.000000000000000000e+02 2.204288208820574975e-03
1.000000000000000000e+02 2.192019764650269664e-03
1.000000000000000000e+02 2.179918231105934176e-03
1.000000000000000000e+02 2.167980976120117368e-03
1.000000000000000000e+02 2.156205417201356375e-03
1.000000000000000000e+02 2.144589020209097981e-03
1.000000000000000000e+02 2.133129298165106422e-03
1.000000000000000000e+02 2.121823810100067435e-03
1.000000000000000000e+02 2.110670159934306938e-03
1.000000000000000000e+02 2.099665995391433899e-03
1.000000000000000000e+02 2.088809006943962831e-03
1.000000000000000000e+02 2.078096926789768390e-03
1.000000000000000000e+02 2.067527527858483045e-03
1.000000000000000000e+02 2.057098622846781789e-03
1.000000000000000000e+02 2.046808063281737276e-03
1.000000000000000000e+02 2.036653738611302576e-03
1.000000000000000000e+02 2.026633575321049822e-03
1.000000000000000000e+02 2.016745536076353790e-03
1.000000000000000000e+02 2.006987618889282711e-03
1.000000000000000000e+02 1.997357856309317243e-03
1.000000000000000000e+02 1.987854314637226266e-03
1.000000000000000000e+02 1.978475093161348366e-03
1.000000000000000000e+02 1.969218323415672725e-03
1.000000000000000000e+02 1.960082168458849444e-03
1.000000000000000000e+02 1.951064822173719047e-03
1.000000000000000000e+02 1.942164508586552126e-03
1.000000000000000000e+02 1.933379481205491079e-03
1.000000000000000000e+02 1.924708022377578324e-03
1.000000000000000000e+02 1.916148442663781178e-03
1.000000000000000000e+02 1.907699080231506448e-03
1.000000000000000000e+02 1.899358300264045261e-03
1.000000000000000000e+02 1.891124494386415156e-03
1.000000000000000000e+02 1.882996080107159683e-03
1.000000000000000000e+02 1.874971500275590067e-03
1.000000000000000000e+02 1.867049222553950061e-03
1.000000000000000000e+02 1.859227738904141621e-03
1.000000000000000000e+02 1.851505565088545219e-03
1.000000000000000000e+02 1.843881240184420869e-03
1.000000000000000000e+02 1.836353326111623586e-03
1.000000000000000000e+02 1.828920407173149736e-03
1.000000000000000000e+02 1.821581089608078404e-03
1.000000000000000000e+02 1.814334001156642619e-03
1.000000000000000000e+02 1.807177790637019485e-03
1.000000000000000000e+02 1.800111127533404699e-03
1.000000000000000000e+02 1.793132701595215751e-03
1.000000000000000000e+02 1.786241222446851998e-03
1.000000000000000000e+02 1.779435419207871325e-03
1.000000000000000000e+02 1.772714040123250963e-03
1.000000000000000000e+02 1.766075852203281230e-03
1.000000000000000000e+02 1.759519640872984642e-03
1.000000000000000000e+02 1.753044209630654458e-03
1.000000000000000000e+02 1.746648379715273714e-03
1.000000000000000000e+02 1.740330989782540435e-03
1.000000000000000000e+02 1.734090895589218435e-03
1.000000000000000000e+02 1.727926969685598382e-03
1.000000000000000000e+02 1.721838101115773364e-03
1.000000000000000000e+02 1.715823195125531619e-03
1.000000000000000000e+02 1.709881172877614902e-03
1.000000000000000000e+02 1.704010971174058000e-03
1.000000000000000000e+02 1.698211542185541724e-03
1.000000000000000000e+02 1.692481853187343278e-03
1.000000000000000000e+02 1.686820886301900694e-03
1.000000000000000000e+02 1.681227638247526860e-03
1.000000000000000000e+02 1.675701120093366818e-03
1.000000000000000000e+02 1.670240357020155112e-03
1.000000000000000000e+02 1.664844388086761688e-03
1.000000000000000000e+02 1.659512266002259638e-03
1.000000000000000000e+02 1.654243056903361700e-03
1.000000000000000000e+02 1.649035840137074577e-03
1.000000000000000000e+02 1.643889708048390692e-03
1.000000000000000000e+02 1.638803765772875107e-03
1.000000000000000000e+02 1.633777131033943564e-03
1.000000000000000000e+02 1.628808933944791981e-03
1.000000000000000000e+02 1.623898316814699613e-03
1.000000000000000000e+02 1.619044433959662081e-03
1.000000000000000000e+02 1.614246451517193813e-03
1.000000000000000000e+02 1.609503547265162850e-03
1.000000000000000000e+02 1.604814910444498201e-03
1.000000000000000000e+02 1.600179741585748506e-03
1.000000000000000000e+02 1.595597252339240896e-03
1.000000000000000000e+02 1.591066665308846781e-03
1.000000000000000000e+02 1.586587213889120804e-03
1.000000000000000000e+02 1.582158142105887129e-03
1.000000000000000000e+02 1.577778704459908109e-03
1.000000000000000000e+02 1.573448165773802965e-03
1.000000000000000000e+02 1.569165801041950623e-03
1.000000000000000000e+02 1.564930895283338751e-03
