2.158000022172927856e-01 1.096257418394088745e-01
2.423000037670135498e-01 1.024400144815444946e-01
2.617000043392181396e-01 9.881193935871124268e-02
2.775999903678894043e-01 9.646878391504287720e-02
2.879000008106231689e-01 9.480816125869750977e-02
2.958999872207641602e-01 9.356921911239624023e-02
3.025000095367431641e-01 9.257041662931442261e-02
3.111000061035156250e-01 9.176818281412124634e-02
3.174000084400177002e-01 9.103421121835708618e-02
3.217000067234039307e-01 9.044158458709716797e-02
3.255000114440917969e-01 8.996302634477615356e-02
3.305000066757202148e-01 8.943680673837661743e-02
3.346999883651733398e-01 8.903143554925918579e-02
3.364999890327453613e-01 8.866626024246215820e-02
3.406000137329101562e-01 8.830890804529190063e-02
3.429999947547912598e-01 8.802577853202819824e-02
3.454000055789947510e-01 8.769318461418151855e-02
3.470999896526336670e-01 8.744102716445922852e-02
3.513000011444091797e-01 8.717745542526245117e-02
3.546000123023986816e-01 8.697225153446197510e-02
3.580000102519989014e-01 8.669482916593551636e-02
3.592000007629394531e-01 8.648885786533355713e-02
3.598999977111816406e-01 8.629260957241058350e-02
3.610000014305114746e-01 8.611194789409637451e-02
3.635999858379364014e-01 8.592987805604934692e-02
3.648999929428100586e-01 8.575289696455001831e-02
3.702999949455261230e-01 8.556283265352249146e-02
3.686999976634979248e-01 8.543758094310760498e-02
3.707000017166137695e-01 8.527775108814239502e-02
3.713000118732452393e-01 8.512280881404876709e-02
3.740999996662139893e-01 8.500035107135772705e-02
3.749000132083892822e-01 8.486008644104003906e-02
3.740999996662139893e-01 8.474650979042053223e-02
3.750999867916107178e-01 8.461581915616989136e-02
3.765000104904174805e-01 8.450146764516830444e-02
3.797000050544738770e-01 8.440265804529190063e-02
3.806999921798706055e-01 8.427873998880386353e-02
3.831000030040740967e-01 8.418358862400054932e-02
3.835999965667724609e-01 8.405082672834396362e-02
3.851000070571899414e-01 8.394870907068252563e-02
3.856999874114990234e-01 8.387107402086257935e-02
3.844999969005584717e-01 8.378231525421142578e-02
3.858999907970428467e-01 8.370740711688995361e-02
3.905999958515167236e-01 8.357606083154678345e-02
3.890999853610992432e-01 8.351751416921615601e-02
3.898000121116638184e-01 8.342241495847702026e-02
3.887999951839447021e-01 8.338228613138198853e-02
3.916999995708465576e-01 8.326007425785064697e-02
3.939000070095062256e-01 8.320803195238113403e-02
3.923999965190887451e-01 8.309952914714813232e-02
3.907999992370605469e-01 8.306329697370529175e-02
3.955999910831451416e-01 8.297424763441085815e-02
3.955999910831451416e-01 8.287404477596282959e-02
3.968000113964080811e-01 8.281651139259338379e-02
3.964999914169311523e-01 8.275312930345535278e-02
3.991999924182891846e-01 8.270569145679473877e-02
3.971000015735626221e-01 8.264381438493728638e-02
3.984999954700469971e-01 8.256308734416961670e-02
3.987999856472015381e-01 8.250865340232849121e-02
3.991000056266784668e-01 8.242333680391311646e-02
4.002999961376190186e-01 8.240327984094619751e-02
4.020000100135803223e-01 8.232877403497695923e-02
4.002999961376190186e-01 8.228599280118942261e-02
4.009000062942504883e-01 8.225114643573760986e-02
4.036999940872192383e-01 8.217249810695648193e-02
4.020000100135803223e-01 8.212646842002868652e-02
4.047000110149383545e-01 8.202549070119857788e-02
4.027999937534332275e-01 8.200934529304504395e-02
4.056000113487243652e-01 8.192001283168792725e-02
4.020999968051910400e-01 8.189270645380020142e-02
4.047999978065490723e-01 8.184964954853057861e-02
4.041999876499176025e-01 8.179251104593276978e-02
4.063000082969665527e-01 8.175572752952575684e-02
4.068999886512756348e-01 8.172482252120971680e-02
4.040000140666961670e-01 8.170262724161148071e-02
4.081000089645385742e-01 8.158649504184722900e-02
4.074999988079071045e-01 8.157823979854583740e-02
4.081999957561492920e-01 8.154189586639404297e-02
4.092999994754791260e-01 8.148695528507232666e-02
4.101999998092651367e-01 8.142419159412384033e-02
4.083000123500823975e-01 8.146341890096664429e-02
4.099000096321105957e-01 8.135630190372467041e-02
4.124000072479248047e-01 8.131510764360427856e-02
4.113000035285949707e-01 8.129785954952239990e-02
4.120999872684478760e-01 8.123709261417388916e-02
4.110000133514404297e-01 8.122923225164413452e-02
4.101999998092651367e-01 8.118169754743576050e-02
4.120000004768371582e-01 8.114719390869140625e-02
4.122000038623809814e-01 8.111058175563812256e-02
4.144999980926513672e-01 8.105245977640151978e-02
4.144999980926513672e-01 8.103847503662109375e-02
4.151000082492828369e-01 8.097821474075317383e-02
4.144999980926513672e-01 8.098199963569641113e-02
4.156000018119812012e-01 8.095520734786987305e-02
4.146000146865844727e-01 8.090542256832122803e-02
4.167999923229217529e-01 8.084204047918319702e-02
4.147000014781951904e-01 8.083375543355941772e-02
4.160999953746795654e-01 8.078143000602722168e-02
4.169999957084655762e-01 8.077371120452880859e-02
4.162000119686126709e-01 8.072216808795928955e-02
4.181999862194061279e-01 8.068567514419555664e-02
4.176000058650970459e-01 8.068039268255233765e-02
4.185999929904937744e-01 8.064389973878860474e-02
4.201000034809112549e-01 8.062704652547836304e-02
4.178000092506408691e-01 8.057969063520431519e-02
4.198000133037567139e-01 8.053705096244812012e-02
4.210000038146972656e-01 8.051071316003799438e-02
4.192999899387359619e-01 8.049519360065460205e-02
4.210999906063079834e-01 8.048892021179199219e-02
4.207000136375427246e-01 8.043163269758224487e-02
4.203999936580657959e-01 8.038883656263351440e-02
4.225000143051147461e-01 8.037737756967544556e-02
4.221999943256378174e-01 8.037555217742919922e-02
4.230000078678131104e-01 8.030975610017776489e-02
4.185000061988830566e-01 8.033996075391769409e-02
4.234000146389007568e-01 8.025260269641876221e-02
4.232999980449676514e-01 8.024005591869354248e-02
4.228000044822692871e-01 8.022780716419219971e-02
4.221999943256378174e-01 8.020058274269104004e-02
4.234000146389007568e-01 8.018893748521804810e-02
4.235999882221221924e-01 8.018745481967926025e-02
4.216000139713287354e-01 8.013720810413360596e-02
4.225000143051147461e-01 8.013109117746353149e-02
4.212999939918518066e-01 8.008802682161331177e-02
4.221000075340270996e-01 8.009718358516693115e-02
4.253999888896942139e-01 8.005455136299133301e-02
4.235999882221221924e-01 8.000863343477249146e-02
4.239999949932098389e-01 8.000249415636062622e-02
4.241000115871429443e-01 7.996607571840286255e-02
4.248000085353851318e-01 7.995093613862991333e-02
4.250000119209289551e-01 7.993768155574798584e-02
4.239999949932098389e-01 7.989821583032608032e-02
4.237000048160552979e-01 7.986684143543243408e-02
4.226000010967254639e-01 7.989602535963058472e-02
4.257000088691711426e-01 7.985255122184753418e-02
4.250000119209289551e-01 7.982677221298217773e-02
4.253999888896942139e-01 7.980539649724960327e-02
4.257999956607818604e-01 7.977574318647384644e-02
4.268999993801116943e-01 7.975575327873229980e-02
4.266999959945678711e-01 7.974365353584289551e-02
4.282999932765960693e-01 7.973821461200714111e-02
4.264999926090240479e-01 7.970799505710601807e-02
4.271999895572662354e-01 7.967547327280044556e-02
4.293999969959259033e-01 7.967805862426757812e-02
4.266999959945678711e-01 7.964566349983215332e-02
4.282000064849853516e-01 7.962940633296966553e-02
4.266000092029571533e-01 7.958555966615676880e-02
4.300999939441680908e-01 7.961110770702362061e-02
4.293000102043151855e-01 7.955550402402877808e-02
4.293000102043151855e-01 7.954651117324829102e-02
4.309999942779541016e-01 7.951498031616210938e-02
4.302999973297119141e-01 7.949761301279067993e-02
4.293999969959259033e-01 7.948236167430877686e-02
4.296999871730804443e-01 7.948193699121475220e-02
4.296999871730804443e-01 7.946203649044036865e-02
4.320999979972839355e-01 7.944589108228683472e-02
4.314000010490417480e-01 7.942218333482742310e-02
4.316999912261962891e-01 7.942016422748565674e-02
4.309000074863433838e-01 7.937746495008468628e-02
4.311000108718872070e-01 7.936931401491165161e-02
4.309999942779541016e-01 7.936910539865493774e-02
4.318000078201293945e-01 7.933599501848220825e-02
4.314000010490417480e-01 7.934685051441192627e-02
4.318999946117401123e-01 7.928415387868881226e-02
4.334000051021575928e-01 7.929552346467971802e-02
4.316999912261962891e-01 7.927202433347702026e-02
4.334999918937683105e-01 7.923793792724609375e-02
4.323999881744384766e-01 7.924029231071472168e-02
4.325999915599822998e-01 7.928816974163055420e-02
4.323999881744384766e-01 7.920793443918228149e-02
4.323000013828277588e-01 7.918432354927062988e-02
4.329999983310699463e-01 7.919602841138839722e-02
4.327000081539154053e-01 7.915512472391128540e-02
4.329000115394592285e-01 7.913438975811004639e-02
4.336000084877014160e-01 7.914790511131286621e-02
4.330999851226806641e-01 7.910109311342239380e-02
4.345999956130981445e-01 7.908719778060913086e-02
4.320999979972839355e-01 7.908051460981369019e-02
4.339999854564666748e-01 7.907471060752868652e-02
4.341999888420104980e-01 7.902665436267852783e-02
4.352000057697296143e-01 7.902804762125015259e-02
4.339999854564666748e-01 7.900529354810714722e-02
4.341000020503997803e-01 7.898079603910446167e-02
4.368000030517578125e-01 7.899974286556243896e-02
4.377000033855438232e-01 7.896114885807037354e-02
4.363000094890594482e-01 7.893300801515579224e-02
4.377000033855438232e-01 7.898345589637756348e-02
4.361000061035156250e-01 7.891698926687240601e-02
4.356000125408172607e-01 7.892607152462005615e-02
4.332999885082244873e-01 7.892809063196182251e-02
4.377999901771545410e-01 7.886862754821777344e-02
4.361000061035156250e-01 7.886290550231933594e-02
4.359999895095825195e-01 7.890908420085906982e-02
4.368999898433685303e-01 7.882747054100036621e-02
4.375999867916107178e-01 7.882475107908248901e-02
4.361999928951263428e-01 7.883322238922119141e-02
4.354999959468841553e-01 7.881213724613189697e-02
4.366999864578247070e-01 7.878197729587554932e-02
4.363999962806701660e-01 7.877818495035171509e-02
4.375999867916107178e-01 7.875743508338928223e-02
4.348999857902526855e-01 7.873553782701492310e-02
4.363000094890594482e-01 7.871375232934951782e-02
4.374000132083892822e-01 7.869806140661239624e-02
4.363999962806701660e-01 7.873805612325668335e-02
4.395000040531158447e-01 7.868071645498275757e-02
4.350999891757965088e-01 7.867032289505004883e-02
4.372000098228454590e-01 7.868783175945281982e-02
4.374000132083892822e-01 7.867189496755599976e-02
4.361999928951263428e-01 7.865852117538452148e-02
4.352999925613403320e-01 7.863233238458633423e-02
4.395999908447265625e-01 7.859696447849273682e-02
4.393000006675720215e-01 7.860744744539260864e-02
4.375000000000000000e-01 7.859294116497039795e-02
4.384999871253967285e-01 7.855361700057983398e-02
4.388999938964843750e-01 7.857231795787811279e-02
4.397999942302703857e-01 7.853478193283081055e-02
4.365999996662139893e-01 7.856095582246780396e-02
4.377000033855438232e-01 7.854966074228286743e-02
4.408000111579895020e-01 7.854562252759933472e-02
4.388999938964843750e-01 7.850306481122970581e-02
4.406000077724456787e-01 7.847755402326583862e-02
4.401000142097473145e-01 7.848838716745376587e-02
4.402000010013580322e-01 7.847072929143905640e-02
4.413999915122985840e-01 7.844748347997665405e-02
4.399000108242034912e-01 7.844614982604980469e-02
4.388999938964843750e-01 7.843654602766036987e-02
4.393000006675720215e-01 7.842751592397689819e-02
4.417999982833862305e-01 7.839077711105346680e-02
4.390000104904174805e-01 7.838945835828781128e-02
4.404999911785125732e-01 7.838799059391021729e-02
4.436999857425689697e-01 7.836068421602249146e-02
4.419000148773193359e-01 7.836049795150756836e-02
4.401000142097473145e-01 7.836927473545074463e-02
4.431000053882598877e-01 7.833236455917358398e-02
4.417999982833862305e-01 7.832080870866775513e-02
4.417999982833862305e-01 7.830873131752014160e-02
4.415000081062316895e-01 7.831089198589324951e-02
4.431999921798706055e-01 7.829982787370681763e-02
4.413000047206878662e-01 7.828211039304733276e-02
4.440000057220458984e-01 7.825282961130142212e-02
4.429000020027160645e-01 7.827331125736236572e-02
4.417999982833862305e-01 7.827218621969223022e-02
4.438000023365020752e-01 7.820440828800201416e-02
4.426999986171722412e-01 7.823819667100906372e-02
4.433000087738037109e-01 7.821696251630783081e-02
4.426000118255615234e-01 7.819294184446334839e-02
4.442999958992004395e-01 7.820729166269302368e-02
4.460000097751617432e-01 7.817579805850982666e-02
4.435999989509582520e-01 7.818448543548583984e-02
4.438999891281127930e-01 7.814407348632812500e-02
4.440000057220458984e-01 7.815995812416076660e-02
4.435000121593475342e-01 7.814403623342514038e-02
4.462000131607055664e-01 7.810550183057785034e-02
4.454999864101409912e-01 7.813470810651779175e-02
4.435999989509582520e-01 7.809348404407501221e-02
4.445999860763549805e-01 7.807613909244537354e-02
4.456999897956848145e-01 7.809979468584060669e-02
4.451000094413757324e-01 7.808888703584671021e-02
4.447999894618988037e-01 7.807254046201705933e-02
4.463999867439270020e-01 7.804837077856063843e-02
4.436999857425689697e-01 7.806692272424697876e-02
4.447000026702880859e-01 7.802373915910720825e-02
4.458000063896179199e-01 7.802827656269073486e-02
4.460999965667724609e-01 7.802806794643402100e-02
4.467000067234039307e-01 7.799408584833145142e-02
4.451999962329864502e-01 7.799115031957626343e-02
4.456000030040740967e-01 7.797219604253768921e-02
4.472000002861022949e-01 7.795053720474243164e-02
4.462000131607055664e-01 7.794550806283950806e-02
4.469000101089477539e-01 7.795172184705734253e-02
4.465999901294708252e-01 7.793998718261718750e-02
4.481999874114990234e-01 7.793541997671127319e-02
4.465999901294708252e-01 7.794002443552017212e-02
4.467999935150146484e-01 7.791519910097122192e-02
4.485999941825866699e-01 7.789766043424606323e-02
4.471000134944915771e-01 7.790113985538482666e-02
4.474999904632568359e-01 7.786682993173599243e-02
4.456999897956848145e-01 7.789698988199234009e-02
4.472999870777130127e-01 7.785415649414062500e-02
4.465000033378601074e-01 7.785420864820480347e-02
4.474000036716461182e-01 7.781322300434112549e-02
4.465000033378601074e-01 7.782877236604690552e-02
4.478999972343444824e-01 7.784889638423919678e-02
4.474000036716461182e-01 7.779520004987716675e-02
4.494999945163726807e-01 7.779280096292495728e-02
4.483000040054321289e-01 7.777187973260879517e-02
4.474000036716461182e-01 7.777386158704757690e-02
4.471000134944915771e-01 7.777531445026397705e-02
4.476999938488006592e-01 7.779546827077865601e-02
4.496000111103057861e-01 7.775820791721343994e-02
4.501000046730041504e-01 7.774238288402557373e-02
4.496999979019165039e-01 7.774271816015243530e-02
4.490999877452850342e-01 7.772020250558853149e-02
4.490000009536743164e-01 7.771763950586318970e-02
4.498000144958496094e-01 7.770668715238571167e-02
4.478999972343444824e-01 7.769577950239181519e-02
4.492999911308288574e-01 7.768107205629348755e-02
4.485999941825866699e-01 7.769785821437835693e-02
4.492999911308288574e-01 7.767628133296966553e-02
4.499999880790710449e-01 7.764638960361480713e-02
4.481999874114990234e-01 7.765791565179824829e-02
4.496999979019165039e-01 7.768552005290985107e-02
4.499999880790710449e-01 7.763884216547012329e-02
4.492000043392181396e-01 7.763802260160446167e-02
4.510000050067901611e-01 7.761775702238082886e-02
4.503000080585479736e-01 7.760685682296752930e-02
4.472999870777130127e-01 7.760497182607650757e-02
4.492999911308288574e-01 7.759819924831390381e-02
4.487999975681304932e-01 7.759150862693786621e-02
4.512999951839447021e-01 7.757659256458282471e-02
4.499000012874603271e-01 7.759640365839004517e-02
4.494999945163726807e-01 7.758038491010665894e-02
4.499000012874603271e-01 7.753944396972656250e-02
4.510999917984008789e-01 7.754635810852050781e-02
4.499000012874603271e-01 7.753917574882507324e-02
4.496999979019165039e-01 7.752937823534011841e-02
4.508000016212463379e-01 7.753236591815948486e-02
4.515999853610992432e-01 7.750716805458068848e-02
4.514999985694885254e-01 7.750117778778076172e-02
4.510000050067901611e-01 7.746682316064834595e-02
4.523000121116638184e-01 7.748354226350784302e-02
4.510000050067901611e-01 7.750068604946136475e-02
4.510000050067901611e-01 7.748725265264511108e-02
4.526000022888183594e-01 7.744263112545013428e-02
4.510999917984008789e-01 7.744605094194412231e-02
4.519000053405761719e-01 7.740315794944763184e-02
4.526999890804290771e-01 7.742140442132949829e-02
4.519000053405761719e-01 7.742980122566223145e-02
4.521999955177307129e-01 7.739728689193725586e-02
4.512000083923339844e-01 7.741785049438476562e-02
4.532999992370605469e-01 7.739016413688659668e-02
4.512000083923339844e-01 7.739155739545822144e-02
4.528000056743621826e-01 7.735401391983032227e-02
4.510000050067901611e-01 7.736661285161972046e-02
4.524999856948852539e-01 7.737071812152862549e-02
4.539999961853027344e-01 7.738707214593887329e-02
4.517000019550323486e-01 7.735760509967803955e-02
4.532999992370605469e-01 7.736012339591979980e-02
4.517000019550323486e-01 7.734625786542892456e-02
4.537000060081481934e-01 7.732990384101867676e-02
4.532999992370605469e-01 7.733768224716186523e-02
4.521000087261199951e-01 7.729800045490264893e-02
4.530000090599060059e-01 7.733992487192153931e-02
4.514999985694885254e-01 7.731713354587554932e-02
4.546000063419342041e-01 7.727015763521194458e-02
4.523999989032745361e-01 7.728590071201324463e-02
4.532999992370605469e-01 7.726177573204040527e-02
4.541999995708465576e-01 7.726126164197921753e-02
4.539000093936920166e-01 7.723817974328994751e-02
4.546000063419342041e-01 7.725115865468978882e-02
4.521999955177307129e-01 7.722835987806320190e-02
4.544000029563903809e-01 7.724750041961669922e-02
4.544000029563903809e-01 7.721018791198730469e-02
4.548000097274780273e-01 7.724122703075408936e-02
4.546999931335449219e-01 7.721933722496032715e-02
4.526999890804290771e-01 7.720464468002319336e-02
4.533999860286712646e-01 7.721084356307983398e-02
4.526999890804290771e-01 7.719074934720993042e-02
4.559000134468078613e-01 7.718866318464279175e-02
4.550000131130218506e-01 7.717858254909515381e-02
4.562000036239624023e-01 7.717125862836837769e-02
4.550000131130218506e-01 7.719342410564422607e-02
4.551999866962432861e-01 7.715884596109390259e-02
4.560999870300292969e-01 7.715278863906860352e-02
4.564000070095062256e-01 7.713749259710311890e-02
4.548999965190887451e-01 7.711844891309738159e-02
4.560000002384185791e-01 7.715950906276702881e-02
4.526999890804290771e-01 7.713056355714797974e-02
4.551999866962432861e-01 7.710699737071990967e-02
4.546000063419342041e-01 7.710760086774826050e-02
4.546999931335449219e-01 7.713625580072402954e-02
4.553000032901763916e-01 7.710622251033782959e-02
4.564999938011169434e-01 7.705555111169815063e-02
4.553000032901763916e-01 7.706840336322784424e-02
4.535999894142150879e-01 7.705588638782501221e-02
4.555000066757202148e-01 7.706551253795623779e-02
4.548000097274780273e-01 7.704898715019226074e-02
4.559000134468078613e-01 7.705321162939071655e-02
4.553999900817871094e-01 7.702534645795822144e-02
4.555999934673309326e-01 7.702776789665222168e-02
4.560000002384185791e-01 7.702002674341201782e-02
4.571999907493591309e-01 7.701109349727630615e-02
4.566999971866607666e-01 7.700602710247039795e-02
4.566999971866607666e-01 7.700143009424209595e-02
4.550999999046325684e-01 7.699173688888549805e-02
4.562000036239624023e-01 7.698704302310943604e-02
4.573999941349029541e-01 7.699626684188842773e-02
4.562000036239624023e-01 7.699296623468399048e-02
4.571000039577484131e-01 7.698796689510345459e-02
4.564999938011169434e-01 7.701085507869720459e-02
4.564999938011169434e-01 7.697413116693496704e-02
4.564000070095062256e-01 7.695485651493072510e-02
4.559000134468078613e-01 7.692603766918182373e-02
4.580000042915344238e-01 7.693208009004592896e-02
4.571000039577484131e-01 7.693416625261306763e-02
4.575000107288360596e-01 7.693687826395034790e-02
4.553999900817871094e-01 7.691054046154022217e-02
4.573999941349029541e-01 7.690660655498504639e-02
4.575000107288360596e-01 7.691755145788192749e-02
4.582000076770782471e-01 7.690683007240295410e-02
4.566999971866607666e-01 7.690268754959106445e-02
4.553000032901763916e-01 7.687825709581375122e-02
4.568000137805938721e-01 7.688713073730468750e-02
4.571999907493591309e-01 7.690040767192840576e-02
4.593000113964080811e-01 7.686285674571990967e-02
4.575999975204467773e-01 7.687844336032867432e-02
4.582000076770782471e-01 7.684043794870376587e-02
4.589000046253204346e-01 7.684783637523651123e-02
4.580999910831451416e-01 7.685569673776626587e-02
4.569999873638153076e-01 7.683926075696945190e-02
4.575999975204467773e-01 7.681116461753845215e-02
4.575999975204467773e-01 7.685822248458862305e-02
4.580999910831451416e-01 7.682008296251296997e-02
4.571000039577484131e-01 7.682251930236816406e-02
4.589000046253204346e-01 7.680042833089828491e-02
4.573000073432922363e-01 7.679536193609237671e-02
4.580999910831451416e-01 7.677721977233886719e-02
4.593000113964080811e-01 7.678792625665664673e-02
4.584000110626220703e-01 7.678980380296707153e-02
4.589999914169311523e-01 7.677579671144485474e-02
4.582999944686889648e-01 7.677690684795379639e-02
4.602999985218048096e-01 7.676355540752410889e-02
4.557000100612640381e-01 7.679709792137145996e-02
4.591000080108642578e-01 7.674464583396911621e-02
4.586000144481658936e-01 7.677215337753295898e-02
4.589999914169311523e-01 7.674323767423629761e-02
4.584000110626220703e-01 7.674426585435867310e-02
4.593000113964080811e-01 7.672202587127685547e-02
4.609000086784362793e-01 7.671233266592025757e-02
4.580000042915344238e-01 7.675182819366455078e-02
4.591000080108642578e-01 7.673040032386779785e-02
4.591000080108642578e-01 7.672978937625885010e-02
4.595000147819519043e-01 7.671070098876953125e-02
4.587999880313873291e-01 7.672390341758728027e-02
4.595000147819519043e-01 7.669476419687271118e-02
4.602000117301940918e-01 7.665970176458358765e-02
4.593999981880187988e-01 7.668326795101165771e-02
4.614000022411346436e-01 7.665329426527023315e-02
4.605000019073486328e-01 7.666598260402679443e-02
4.595000147819519043e-01 7.664559036493301392e-02
4.596999883651733398e-01 7.665647566318511963e-02
4.580000042915344238e-01 7.665862143039703369e-02
4.591999948024749756e-01 7.664310187101364136e-02
4.607999920845031738e-01 7.663661241531372070e-02
4.602000117301940918e-01 7.663659006357192993e-02
4.595000147819519043e-01 7.665871828794479370e-02
4.600999951362609863e-01 7.660609483718872070e-02
4.605000019073486328e-01 7.662007212638854980e-02
4.609999954700469971e-01 7.662368565797805786e-02
4.596000015735626221e-01 7.661928236484527588e-02
4.609000086784362793e-01 7.660458981990814209e-02
4.614999890327453613e-01 7.660420238971710205e-02
4.602000117301940918e-01 7.659063488245010376e-02
4.607999920845031738e-01 7.658749073743820190e-02
4.605999886989593506e-01 7.658813148736953735e-02
4.605000019073486328e-01 7.658693194389343262e-02
4.600999951362609863e-01 7.656925171613693237e-02
4.603999853134155273e-01 7.656443119049072266e-02
4.618000090122222900e-01 7.659450173377990723e-02
4.598000049591064453e-01 7.653778046369552612e-02
4.620999991893768311e-01 7.655342668294906616e-02
4.634999930858612061e-01 7.653928548097610474e-02
4.611000120639801025e-01 7.655707746744155884e-02
4.616000056266784668e-01 7.652961462736129761e-02
4.618999958038330078e-01 7.650826126337051392e-02
4.616999924182891846e-01 7.652664184570312500e-02
4.618000090122222900e-01 7.651612162590026855e-02
4.627000093460083008e-01 7.649054378271102905e-02
4.620000123977661133e-01 7.648608088493347168e-02
4.609999954700469971e-01 7.652615010738372803e-02
4.623999893665313721e-01 7.651351392269134521e-02
4.614999890327453613e-01 7.649707049131393433e-02
4.623000025749206543e-01 7.646704465150833130e-02
4.616999924182891846e-01 7.646903395652770996e-02
4.611000120639801025e-01 7.650811225175857544e-02
4.618000090122222900e-01 7.646092772483825684e-02
4.616999924182891846e-01 7.650052756071090698e-02
4.641000032424926758e-01 7.645528018474578857e-02
4.630999863147735596e-01 7.644652575254440308e-02
4.623999893665313721e-01 7.646506279706954956e-02
4.614000022411346436e-01 7.643443346023559570e-02
4.629000127315521240e-01 7.644550502300262451e-02
4.629000127315521240e-01 7.643849402666091919e-02
4.620999991893768311e-01 7.645248621702194214e-02
4.616999924182891846e-01 7.640887796878814697e-02
4.625000059604644775e-01 7.642863690853118896e-02
4.611999988555908203e-01 7.641298323869705200e-02
4.616999924182891846e-01 7.641153037548065186e-02
4.629000127315521240e-01 7.640143483877182007e-02
4.605000019073486328e-01 7.645258307456970215e-02
4.636000096797943115e-01 7.639490067958831787e-02
4.616000056266784668e-01 7.641141861677169800e-02
4.607000052928924561e-01 7.641012966632843018e-02
4.629999995231628418e-01 7.639300823211669922e-02
4.609999954700469971e-01 7.638406753540039062e-02
4.629000127315521240e-01 7.638759911060333252e-02
4.629000127315521240e-01 7.635497301816940308e-02
4.614000022411346436e-01 7.638269662857055664e-02
4.621999859809875488e-01 7.636395096778869629e-02
4.629000127315521240e-01 7.632539421319961548e-02
