5.515999603271484375e+01 5.660399627685546875e+01 8.035104347467422192e-01 7.117894569635391244e-01
5.888800048828125000e+01 5.914000320434570312e+01 7.035337619781494300e-01 6.999561463594436983e-01
6.229599761962890625e+01 6.321200180053710938e+01 6.934630397558212422e-01 6.915630652904510844e-01
6.698799896240234375e+01 6.810800170898437500e+01 6.807260488271713594e-01 6.767811247110366857e-01
7.248799896240234375e+01 7.351999664306640625e+01 6.586105148792267272e-01 6.505863063335418639e-01
7.728400421142578125e+01 7.726799774169921875e+01 6.254159824848175564e-01 6.161083167791366888e-01
8.065599822998046875e+01 7.979599761962890625e+01 5.868955515623092145e-01 5.820409882664679957e-01
8.283599853515625000e+01 8.149200439453125000e+01 5.501202998161316415e-01 5.507143193483352572e-01
8.440399932861328125e+01 8.281999969482421875e+01 5.171711148023605542e-01 5.249587073326110742e-01
8.593999481201171875e+01 8.307600402832031250e+01 4.880712698101997149e-01 5.051690465211868819e-01
8.689200592041015625e+01 8.398799896240234375e+01 4.630393554568290604e-01 4.875315995216369380e-01
8.794400024414062500e+01 8.463199615478515625e+01 4.409526396989822405e-01 4.734025797247886636e-01
8.871600341796875000e+01 8.497200012207031250e+01 4.213327977061271934e-01 4.619226102232932840e-01
8.953199768066406250e+01 8.545999908447265625e+01 4.039063993096351779e-01 4.511281977891922201e-01
9.022799682617187500e+01 8.559999847412109375e+01 3.877988521456718352e-01 4.441964070796966535e-01
9.091200256347656250e+01 8.549600219726562500e+01 3.729960969090461709e-01 4.384084255695342991e-01
9.139199829101562500e+01 8.592800140380859375e+01 3.591180804967880058e-01 4.336668593287468232e-01
9.183999633789062500e+01 8.593999481201171875e+01 3.464022521376609598e-01 4.272038238644599861e-01
9.230800628662109375e+01 8.599200439453125000e+01 3.344397346675396232e-01 4.275267970561981157e-01
9.291200256347656250e+01 8.600399780273437500e+01 3.229174955487251197e-01 4.197567788958549428e-01
9.329599761962890625e+01 8.604800415039062500e+01 3.124504162073135638e-01 4.167259563207626472e-01
9.371200561523437500e+01 8.593599700927734375e+01 3.024786237776279640e-01 4.152457937598228455e-01
9.413999938964843750e+01 8.610800170898437500e+01 2.925570906996726728e-01 4.147383915483951466e-01
9.450799560546875000e+01 8.575199890136718750e+01 2.836511229574680271e-01 4.111280201673507828e-01
9.479199981689453125e+01 8.596399688720703125e+01 2.752986011803150168e-01 4.118810951113701102e-01
9.506800079345703125e+01 8.577200317382812500e+01 2.674469782710075516e-01 4.143416455388069242e-01
9.531999969482421875e+01 8.588400268554687500e+01 2.597805684804916360e-01 4.106606310307979735e-01
9.557199859619140625e+01 8.590399932861328125e+01 2.523923758566379294e-01 4.122285470962524512e-01
9.591600036621093750e+01 8.598799896240234375e+01 2.453446981608867761e-01 4.131329943537712102e-01
9.612400054931640625e+01 8.523999786376953125e+01 2.387351172566413993e-01 4.135958669185638703e-01
9.626000213623046875e+01 8.569599914550781250e+01 2.323289906382560721e-01 4.129542337059974866e-01
9.637200164794921875e+01 8.560400390625000000e+01 2.270383796095848117e-01 4.124278628528117996e-01
9.663999938964843750e+01 8.562400054931640625e+01 2.206445600688457520e-01 4.144249844849109410e-01
9.686000061035156250e+01 8.577200317382812500e+01 2.157933756709098927e-01 4.209156479835510223e-01
9.694000244140625000e+01 8.503999328613281250e+01 2.106398123502731257e-01 4.206594859361648675e-01
9.710800170898437500e+01 8.546800231933593750e+01 2.057763136327266651e-01 4.213055622875690465e-01
9.733200073242187500e+01 8.554800415039062500e+01 2.005966669023036830e-01 4.195360359549522578e-01
9.744799804687500000e+01 8.507999420166015625e+01 1.962102746367454520e-01 4.254176024198532136e-01
9.761999511718750000e+01 8.533200073242187500e+01 1.919652502536773608e-01 4.193920328319072910e-01
9.765200042724609375e+01 8.495600128173828125e+01 1.878017663359642098e-01 4.232184864878654751e-01
9.771999359130859375e+01 8.499600219726562500e+01 1.841699022352695503e-01 4.235160679817199791e-01
9.784799957275390625e+01 8.483200073242187500e+01 1.795631928443908731e-01 4.271429639160633229e-01
9.795600128173828125e+01 8.524800109863281250e+01 1.759658457636833206e-01 4.280369780361652499e-01
9.805200195312500000e+01 8.468800354003906250e+01 1.734255595654249082e-01 4.275086686015129311e-01
9.815999603271484375e+01 8.509999847412109375e+01 1.695794747471809361e-01 4.332841970920562891e-01
9.822399902343750000e+01 8.496400451660156250e+01 1.666264231950044528e-01 4.358344784080982470e-01
9.827999877929687500e+01 8.433200073242187500e+01 1.636953487098216919e-01 4.344048221707343949e-01
9.832399749755859375e+01 8.507199859619140625e+01 1.607620834857225456e-01 4.386753494143486032e-01
9.838400268554687500e+01 8.503199768066406250e+01 1.579474923312663981e-01 4.413396097123623019e-01
9.843999481201171875e+01 8.491600036621093750e+01 1.552061164081096623e-01 4.359835735559463576e-01
9.846800231933593750e+01 8.468800354003906250e+01 1.529841583669185601e-01 4.339559171497821555e-01
9.851999664306640625e+01 8.479999542236328125e+01 1.505087020695209388e-01 4.409025748074054674e-01
9.853199768066406250e+01 8.480400085449218750e+01 1.485223919749260046e-01 4.435156857967376687e-01
9.854800415039062500e+01 8.447200012207031250e+01 1.459411302208900585e-01 4.451290246844291643e-01
9.863999938964843750e+01 8.447200012207031250e+01 1.436941948682069758e-01 4.489512310028075937e-01
9.863600158691406250e+01 8.472800445556640625e+01 1.415221688896417529e-01 4.489061143994331204e-01
9.868399810791015625e+01 8.472800445556640625e+01 1.399525309354066882e-01 4.494198853671550475e-01
9.867600250244140625e+01 8.443199920654296875e+01 1.381155542582273577e-01 4.461655673682689560e-01
9.870800018310546875e+01 8.439599609375000000e+01 1.361231265366077414e-01 4.549951679706573660e-01
9.876800537109375000e+01 8.464400482177734375e+01 1.343732454776764007e-01 4.606997314095497287e-01
9.879199981689453125e+01 8.386000061035156250e+01 1.326772965192794806e-01 4.624121586382389237e-01
9.879199981689453125e+01 8.436400604248046875e+01 1.311152490377426039e-01 4.535586484670638963e-01
9.883200073242187500e+01 8.427199554443359375e+01 1.295442951321601754e-01 4.588977595269679854e-01
9.885600280761718750e+01 8.399599456787109375e+01 1.278601952046155843e-01 4.601723796725273319e-01
9.887999725341796875e+01 8.430000305175781250e+01 1.265016558915376677e-01 4.571624051928520061e-01
9.886399841308593750e+01 8.376799774169921875e+01 1.248473570644855479e-01 4.579752699434757046e-01
9.887599945068359375e+01 8.424400329589843750e+01 1.235643894076347282e-01 4.628088985681533818e-01
9.890000152587890625e+01 8.430799865722656250e+01 1.223048147112131140e-01 4.639689784049987886e-01
9.889199829101562500e+01 8.417599487304687500e+01 1.210190043896436640e-01 4.640854698121547606e-01
9.890399932861328125e+01 8.383599853515625000e+01 1.196207006871700257e-01 4.605238976776599991e-01
9.893199920654296875e+01 8.411199951171875000e+01 1.185738419741392130e-01 4.665499299168586744e-01
9.892800140380859375e+01 8.375199890136718750e+01 1.177419524341821733e-01 4.715107873082161061e-01
9.892800140380859375e+01 8.398400115966796875e+01 1.164911741167306836e-01 4.732812006771564550e-01
9.892399597167968750e+01 8.381999969482421875e+01 1.153019270598888424e-01 4.681747547388076525e-01
9.894400024414062500e+01 8.368399810791015625e+01 1.142821980267763188e-01 4.752351758182049024e-01
9.895200347900390625e+01 8.370400238037109375e+01 1.132631819844245880e-01 4.698851470053195811e-01
9.895999908447265625e+01 8.388000488281250000e+01 1.123677715510129904e-01 4.718307622075080809e-01
9.896399688720703125e+01 8.358799743652343750e+01 1.112546987533569315e-01 4.672629479467868552e-01
9.897200012207031250e+01 8.340399932861328125e+01 1.103547804653644548e-01 4.711884049475192904e-01
9.898799896240234375e+01 8.368800354003906250e+01 1.094476022422313649e-01 4.736356153190136031e-01
9.899200439453125000e+01 8.385199737548828125e+01 1.086712136715650562e-01 4.768692215085029718e-01
9.900000000000000000e+01 8.319599914550781250e+01 1.078166163712739878e-01 4.730759836137294894e-01
9.901200103759765625e+01 8.348000335693359375e+01 1.072227756828069700e-01 4.698490342497825822e-01
9.901999664306640625e+01 8.319200134277343750e+01 1.060819575041532514e-01 4.732852844297885664e-01
9.900800323486328125e+01 8.312000274658203125e+01 1.052091838568448984e-01 4.891434607207775231e-01
9.903200531005859375e+01 8.327199554443359375e+01 1.043805623650550796e-01 4.850767334401607789e-01
9.901999664306640625e+01 8.363199615478515625e+01 1.035611736178398135e-01 4.827291505634784818e-01
9.903200531005859375e+01 8.342400360107421875e+01 1.029522179067134807e-01 4.847456445991992768e-01
9.903200531005859375e+01 8.337599945068359375e+01 1.022647904306650118e-01 4.894395086765289116e-01
9.903600311279296875e+01 8.344400024414062500e+01 1.014834953993558886e-01 4.865848746001720238e-01
9.904000091552734375e+01 8.323199462890625000e+01 1.007782545387744949e-01 4.858515745699405475e-01
9.904000091552734375e+01 8.338400268554687500e+01 1.002353467941284187e-01 4.881599747240543130e-01
9.905200195312500000e+01 8.336799621582031250e+01 9.969648575782776023e-02 4.896973849534988488e-01
9.905200195312500000e+01 8.314800262451171875e+01 9.882771448791026481e-02 4.875511814653873399e-01
9.905200195312500000e+01 8.334000396728515625e+01 9.829788050055503212e-02 4.921035770177841218e-01
9.904800415039062500e+01 8.337599945068359375e+01 9.773639233410358340e-02 4.927028931975364623e-01
9.905999755859375000e+01 8.250799560546875000e+01 9.712470924854278709e-02 4.956438672840595139e-01
9.904800415039062500e+01 8.321199798583984375e+01 9.656220456957817500e-02 4.939463616013526903e-01
9.906399536132812500e+01 8.281600189208984375e+01 9.592133462429046353e-02 4.966889427006244695e-01
9.906800079345703125e+01 8.324000549316406250e+01 9.527742917835711756e-02 4.962271713018417407e-01
9.906399536132812500e+01 8.291600036621093750e+01 9.469751906394958951e-02 4.944312526583671819e-01
9.907199859619140625e+01 8.281999969482421875e+01 9.420683656632899972e-02 4.996401862502097835e-01
9.907199859619140625e+01 8.303199768066406250e+01 9.386144639551639857e-02 4.980169529318809740e-01
9.906399536132812500e+01 8.293600463867187500e+01 9.338667543232441470e-02 4.960785601139068857e-01
9.907199859619140625e+01 8.304000091552734375e+01 9.288071857392787845e-02 4.944842741489410276e-01
9.907199859619140625e+01 8.303199768066406250e+01 9.216652475297451574e-02 4.979554351866245510e-01
9.907199859619140625e+01 8.300000000000000000e+01 9.168962512910365514e-02 4.998026814162730980e-01
9.907199859619140625e+01 8.289600372314453125e+01 9.114285553991795241e-02 4.976862586736678917e-01
9.907199859619140625e+01 8.282399749755859375e+01 9.066753739118575683e-02 4.986051927208900447e-01
9.907199859619140625e+01 8.320400238037109375e+01 9.038630668818950498e-02 5.002206276357173964e-01
9.907199859619140625e+01 8.220000457763671875e+01 8.972365663945675029e-02 5.141327756643295777e-01
9.907600402832031250e+01 8.306000518798828125e+01 8.948246143758296911e-02 5.058620824217796574e-01
9.907600402832031250e+01 8.305599975585937500e+01 8.905910639464854894e-02 5.061880761981010224e-01
9.908000183105468750e+01 8.261600494384765625e+01 8.858922691643238145e-02 5.057176565229892784e-01
9.908399963378906250e+01 8.320400238037109375e+01 8.812760390341281558e-02 5.095110394060611281e-01
9.908399963378906250e+01 8.289600372314453125e+01 8.765491902828216608e-02 5.032818850874900551e-01
9.908399963378906250e+01 8.282399749755859375e+01 8.729231759905814458e-02 5.052061036527156768e-01
9.908399963378906250e+01 8.284400177001953125e+01 8.691585198044776694e-02 5.054442390203476299e-01
9.908799743652343750e+01 8.262400054931640625e+01 8.659468826651572915e-02 5.087570382356643162e-01
9.908799743652343750e+01 8.280799865722656250e+01 8.604345400631427387e-02 5.099644070565700904e-01
9.908799743652343750e+01 8.272799682617187500e+01 8.566430430114269079e-02 5.110605382025241727e-01
9.908799743652343750e+01 8.248000335693359375e+01 8.543946936726570796e-02 5.169482487738132903e-01
9.909200286865234375e+01 8.261600494384765625e+01 8.494021684676408834e-02 5.170268779397010350e-01
9.909600067138671875e+01 8.266400146484375000e+01 8.459157972037792406e-02 5.161537254154682230e-01
9.909600067138671875e+01 8.263999938964843750e+01 8.446891099959612237e-02 5.167235230505466959e-01
9.909600067138671875e+01 8.261600494384765625e+01 8.389433709532022332e-02 5.155652391016483094e-01
9.909600067138671875e+01 8.263999938964843750e+01 8.386508182436228087e-02 5.135881145894527489e-01
9.909600067138671875e+01 8.271199798583984375e+01 8.337075183540582080e-02 5.212943167984485093e-01
9.909200286865234375e+01 8.277199554443359375e+01 8.296544899791478966e-02 5.164180421531200382e-01
9.909999847412109375e+01 8.211600494384765625e+01 8.266306427866219886e-02 5.160862509012221766e-01
9.909999847412109375e+01 8.272399902343750000e+01 8.219446488469839274e-02 5.187048693299293189e-01
9.909999847412109375e+01 8.285600280761718750e+01 8.210514491051434938e-02 5.191795121729373408e-01
9.909999847412109375e+01 8.266000366210937500e+01 8.157051768898963828e-02 5.241276105642318495e-01
9.909999847412109375e+01 8.191600036621093750e+01 8.145539916306733519e-02 5.146445566415787098e-01
9.909600067138671875e+01 8.240000152587890625e+01 8.161024460941553038e-02 5.183549473285674614e-01
9.910399627685546875e+01 8.092800140380859375e+01 8.082156680524349435e-02 5.392007044255733295e-01
9.910399627685546875e+01 8.256400299072265625e+01 8.046810650080442329e-02 5.203531904220580762e-01
9.909999847412109375e+01 8.254399871826171875e+01 8.057604818791151702e-02 5.242427440285682971e-01
9.911199951171875000e+01 8.247600555419921875e+01 8.003683370351791226e-02 5.208702046871185320e-01
9.910800170898437500e+01 8.218799591064453125e+01 7.953965176641941692e-02 5.247719354033469896e-01
9.911199951171875000e+01 8.231199645996093750e+01 7.917252974957227074e-02 5.245689482986927166e-01
9.911199951171875000e+01 8.258799743652343750e+01 7.884437356889248405e-02 5.296543760001659606e-01
9.911199951171875000e+01 8.224800109863281250e+01 7.844178485125302691e-02 5.252813727557659185e-01
9.911199951171875000e+01 8.209999847412109375e+01 7.847360056638717773e-02 5.191561332046985555e-01
9.911599731445312500e+01 8.229600524902343750e+01 7.800063870102166841e-02 5.234814136922359973e-01
9.911199951171875000e+01 8.222799682617187500e+01 7.815724245458841035e-02 5.283534949123859237e-01
9.911599731445312500e+01 8.235600280761718750e+01 7.764749491214752164e-02 5.264158982634544737e-01
9.911599731445312500e+01 8.253199768066406250e+01 7.746178505569696615e-02 5.288794606328010017e-01
9.911599731445312500e+01 8.208799743652343750e+01 7.702702323347329627e-02 5.324817124605178975e-01
9.911999511718750000e+01 8.237199401855468750e+01 7.677219153940677276e-02 5.295590851604938809e-01
9.911999511718750000e+01 8.244400024414062500e+01 7.655821089446544769e-02 5.343807086646557014e-01
9.912400054931640625e+01 8.216400146484375000e+01 7.628543156385421409e-02 5.306444199681281670e-01
9.911999511718750000e+01 8.212400054931640625e+01 7.606730540841817600e-02 5.294203856289386723e-01
9.912400054931640625e+01 8.237599945068359375e+01 7.605500712990760637e-02 5.308162097036838167e-01
9.912400054931640625e+01 8.221199798583984375e+01 7.579505714774131819e-02 5.340625100731849484e-01
9.912400054931640625e+01 8.214399719238281250e+01 7.562155500054359991e-02 5.322805120348930163e-01
9.912400054931640625e+01 8.196799468994140625e+01 7.516416390240192313e-02 5.322947399616241304e-01
9.912400054931640625e+01 8.224800109863281250e+01 7.498319018632174093e-02 5.357134187519549950e-01
9.912400054931640625e+01 8.241600036621093750e+01 7.476563647389411482e-02 5.345951292514801167e-01
9.912400054931640625e+01 8.194000244140625000e+01 7.448123887181282154e-02 5.398159198462962882e-01
9.912400054931640625e+01 8.217199707031250000e+01 7.430348399281501426e-02 5.307690522670746036e-01
9.913200378417968750e+01 8.181600189208984375e+01 7.409604331105947017e-02 5.367619541287421692e-01
9.268800354003906250e+01 8.393599700927734375e+01 1.857273892089724432e-01 5.357235220074653137e-01
9.418399810791015625e+01 8.376000213623046875e+01 1.692324354797601627e-01 5.221441903114318883e-01
9.731999969482421875e+01 8.345600128173828125e+01 1.176941721513867362e-01 5.137456731200218396e-01
9.886000061035156250e+01 8.294799804687500000e+01 8.771854628622531569e-02 5.274185705184936124e-01
9.917600250244140625e+01 8.273199462890625000e+01 7.831596122682094041e-02 5.240244419574737744e-01
9.918399810791015625e+01 8.254399871826171875e+01 7.602851814776659389e-02 5.317646155655384455e-01
9.918399810791015625e+01 8.263600158691406250e+01 7.497100746631622792e-02 5.283403831124305894e-01
9.918800354003906250e+01 8.242800140380859375e+01 7.427036514133214529e-02 5.383996927142142841e-01
9.918800354003906250e+01 8.226000213623046875e+01 7.371850378066301113e-02 5.361983796060085794e-01
9.918000030517578125e+01 8.225600433349609375e+01 7.341633079946041640e-02 5.353077611625194354e-01
9.919599914550781250e+01 8.244000244140625000e+01 7.283830843865871096e-02 5.341009973585605364e-01
9.919599914550781250e+01 8.198400115966796875e+01 7.246297442167996816e-02 5.322476354539393828e-01
9.919599914550781250e+01 8.206800079345703125e+01 7.222858599573374339e-02 5.369593790471554051e-01
9.919599914550781250e+01 8.215600585937500000e+01 7.201228491216897509e-02 5.333150268495082669e-01
9.919999694824218750e+01 8.208000183105468750e+01 7.159296408295631742e-02 5.421895474344492483e-01
9.919999694824218750e+01 8.209199523925781250e+01 7.129145369678735467e-02 5.354185225069523213e-01
9.919999694824218750e+01 8.222399902343750000e+01 7.103537067770958335e-02 5.379586881995200853e-01
9.920399475097656250e+01 8.191999816894531250e+01 7.079307249933480817e-02 5.413411925137042724e-01
9.920399475097656250e+01 8.197200012207031250e+01 7.062152449786662789e-02 5.412639767676591385e-01
9.920399475097656250e+01 8.156800079345703125e+01 7.031172712147236437e-02 5.437314139902591492e-01
9.920399475097656250e+01 8.190399932861328125e+01 7.044567987322807034e-02 5.431139707267284011e-01
9.920399475097656250e+01 8.176000213623046875e+01 7.003645296394825359e-02 5.456305305510759096e-01
9.920399475097656250e+01 8.162400054931640625e+01 6.968781085312367174e-02 5.407902234494685878e-01
9.920399475097656250e+01 8.181600189208984375e+01 6.951205811649560640e-02 5.500508608222007823e-01
9.920399475097656250e+01 8.177600097656250000e+01 6.921654895693063470e-02 5.416766166388988779e-01
9.920399475097656250e+01 8.205999755859375000e+01 6.916156322509049714e-02 5.445202247649431060e-01
9.920399475097656250e+01 8.208399963378906250e+01 6.888915534317494038e-02 5.470780973136425418e-01
9.920399475097656250e+01 8.194799804687500000e+01 6.874639537930488098e-02 5.490961213707923338e-01
9.920399475097656250e+01 8.167600250244140625e+01 6.869863936305045660e-02 5.442332237660885141e-01
9.920399475097656250e+01 8.202400207519531250e+01 6.832506833225489296e-02 5.448153332769870572e-01
9.920399475097656250e+01 8.168000030517578125e+01 6.811276432871818387e-02 5.489039573371410352e-01
9.920399475097656250e+01 8.151599884033203125e+01 6.824448727071284748e-02 5.520758044123649233e-01
9.895999908447265625e+01 8.213600158691406250e+01 7.258092737197875677e-02 5.481690804660320770e-01
9.920399475097656250e+01 8.194000244140625000e+01 6.924685081839561385e-02 5.467582983076572090e-01
9.920800018310546875e+01 8.178399658203125000e+01 6.791516668349505126e-02 5.562160405367613247e-01
9.921600341796875000e+01 8.187599945068359375e+01 6.745389923453330716e-02 5.498546223342418715e-01
9.586399841308593750e+01 8.339599609375000000e+01 1.367921517267823295e-01 5.407555670142173421e-01
9.488800048828125000e+01 8.387599945068359375e+01 1.985785315111279481e-01 5.362518965899943924e-01
9.869200134277343750e+01 8.307199859619140625e+01 8.965030394494533095e-02 5.262158972024917336e-01
9.419599914550781250e+01 8.235199737548828125e+01 2.052547563686966947e-01 5.001815102994442430e-01
9.659999847412109375e+01 8.331999969482421875e+01 1.778376772403716943e-01 5.010838930308818551e-01
9.787999725341796875e+01 8.205200195312500000e+01 1.432121015489101479e-01 7.238296838700771785e-01
9.769999694824218750e+01 8.282399749755859375e+01 1.409691286534071053e-01 5.059553964138030491e-01
9.851999664306640625e+01 8.258000183105468750e+01 1.197493099868297550e-01 5.110949807763099928e-01
9.866799926757812500e+01 8.328800201416015625e+01 1.147317048311233545e-01 5.175207471549511107e-01
9.915599822998046875e+01 8.276399993896484375e+01 1.010805299282074021e-01 5.237961432039737186e-01
9.920399475097656250e+01 8.274800109863281250e+01 9.607462356984615426e-02 5.262128241956234298e-01
9.921600341796875000e+01 8.240399932861328125e+01 9.319478780776262183e-02 5.318297061026096006e-01
9.922000122070312500e+01 8.223199462890625000e+01 8.173043640702962187e-02 5.724963019192218505e-01
9.922799682617187500e+01 8.228399658203125000e+01 7.724959835410118159e-02 5.709755579084158095e-01
9.924399566650390625e+01 8.186000061035156250e+01 7.501159750670194359e-02 5.763037439435720888e-01
9.924399566650390625e+01 8.163200378417968750e+01 7.362218640744686016e-02 5.835321655571460431e-01
9.924399566650390625e+01 8.162799835205078125e+01 7.243532294780015424e-02 5.797987236976623882e-01
9.924399566650390625e+01 8.163600158691406250e+01 7.144442810118198373e-02 5.791569582819938722e-01
9.924800109863281250e+01 8.136799621582031250e+01 7.064903349429368928e-02 5.820106778144836790e-01
9.925199890136718750e+01 8.151200103759765625e+01 6.985534092783927951e-02 5.812687692642212189e-01
9.925600433349609375e+01 8.123999786376953125e+01 6.920321738719939497e-02 5.812060041725635173e-01
9.925600433349609375e+01 8.124800109863281250e+01 6.856935378164052963e-02 5.812407060265540881e-01
9.926000213623046875e+01 8.156399536132812500e+01 6.814078733325004689e-02 5.528779514729976752e-01
9.926399993896484375e+01 8.107200622558593750e+01 6.760129146277904510e-02 5.838019112348556972e-01
9.926399993896484375e+01 8.122399902343750000e+01 6.703934372216463489e-02 5.789767736047506386e-01
9.926399993896484375e+01 8.145999908447265625e+01 6.671277394145727624e-02 5.770972356200217979e-01
9.926399993896484375e+01 8.110800170898437500e+01 6.619414053857326785e-02 5.843930112123489895e-01
9.926399993896484375e+01 8.125600433349609375e+01 6.581109438091516106e-02 5.811283552646636652e-01
9.926399993896484375e+01 8.129600524902343750e+01 6.548576762527227868e-02 5.773835315704345383e-01
9.926799774169921875e+01 8.124399566650390625e+01 6.516577442735434211e-02 5.789262530207633928e-01
9.927200317382812500e+01 8.131999969482421875e+01 6.488781633228063450e-02 5.772704062461853081e-01
9.927600097656250000e+01 8.133200073242187500e+01 6.469031225889920744e-02 5.737424371242523247e-01
9.927600097656250000e+01 8.136399841308593750e+01 6.435698555409907762e-02 5.785220232605934321e-01
9.927600097656250000e+01 8.151999664306640625e+01 6.406408505886793114e-02 5.771060006171464529e-01
9.927600097656250000e+01 8.113200378417968750e+01 6.394493552297353389e-02 5.773568319380283365e-01
9.927600097656250000e+01 8.126799774169921875e+01 6.357655522227287359e-02 5.785339074134826509e-01
9.927600097656250000e+01 8.141200256347656250e+01 6.332161772996186544e-02 5.788865990638732972e-01
9.928399658203125000e+01 8.125199890136718750e+01 6.313853190094233236e-02 5.746269550472498100e-01
9.928800201416015625e+01 8.126799774169921875e+01 6.304177372157573900e-02 5.800267345607280634e-01
9.928800201416015625e+01 8.123600006103515625e+01 6.279715277999639578e-02 5.802807993590831659e-01
9.929199981689453125e+01 8.105200195312500000e+01 6.276181506365537122e-02 5.793594154417515130e-01
9.929199981689453125e+01 8.121200561523437500e+01 6.245453741401434111e-02 5.751281883120537008e-01
9.929199981689453125e+01 8.115200042724609375e+01 6.238829816132784173e-02 5.887776538729667664e-01
9.929199981689453125e+01 8.137200164794921875e+01 6.214675146341323841e-02 5.755359935760497869e-01
9.929199981689453125e+01 8.119200134277343750e+01 6.190945086628198840e-02 5.768240250945091407e-01
9.929199981689453125e+01 8.097599792480468750e+01 6.175350566953420606e-02 5.787450292408465868e-01
9.929199981689453125e+01 8.131600189208984375e+01 6.160210943222045599e-02 5.755792805552482072e-01
9.929599761962890625e+01 8.120800018310546875e+01 6.142791774868965049e-02 5.738001710027456070e-01
9.929599761962890625e+01 8.051200103759765625e+01 6.145730313658714222e-02 5.833924073874950933e-01
9.929599761962890625e+01 8.115599822998046875e+01 6.130534335970878879e-02 5.773277864754200461e-01
9.929199981689453125e+01 8.125199890136718750e+01 6.140534485131501907e-02 5.817589547038077846e-01
9.929599761962890625e+01 8.110800170898437500e+01 6.122532986104488317e-02 5.821315620243548983e-01
9.929599761962890625e+01 8.086799621582031250e+01 6.090276090055703889e-02 5.774256445169448915e-01
9.929599761962890625e+01 8.097599792480468750e+01 6.072175782918930176e-02 5.793994002044200453e-01
9.929599761962890625e+01 8.113600158691406250e+01 6.058711593598127554e-02 5.814690660983323767e-01
9.929599761962890625e+01 8.121600341796875000e+01 6.042627416551113462e-02 5.791418407559394410e-01
9.929599761962890625e+01 8.116400146484375000e+01 6.031780857592820844e-02 5.784071342647075786e-01
9.923200225830078125e+01 8.123999786376953125e+01 6.241159098595380761e-02 5.794942421764135432e-01
9.929599761962890625e+01 8.124399566650390625e+01 6.041391181945800909e-02 5.840483085811137842e-01
9.929599761962890625e+01 8.076799774169921875e+01 6.009314919263124277e-02 5.772901113629340664e-01
9.929599761962890625e+01 8.098000335693359375e+01 6.008200395852327652e-02 5.836501952707767726e-01
9.929599761962890625e+01 8.123999786376953125e+01 5.987448141723870909e-02 5.780551979541778129e-01
9.929599761962890625e+01 8.093199920654296875e+01 5.973282828927040100e-02 5.807825142145156549e-01
9.929599761962890625e+01 8.107200622558593750e+01 5.953121410310268508e-02 5.825406967401504099e-01
9.929599761962890625e+01 8.114399719238281250e+01 5.945452036708593485e-02 5.839697136878967410e-01
9.929599761962890625e+01 8.108399963378906250e+01 5.970245128870010215e-02 5.856794583052397085e-01
9.929599761962890625e+01 8.103200531005859375e+01 5.929816737025975920e-02 5.853601981103420115e-01
9.929599761962890625e+01 8.129199981689453125e+01 5.912246242910623728e-02 5.814543204307556223e-01
9.929599761962890625e+01 8.095200347900390625e+01 5.901777769625186909e-02 5.852612464427947581e-01
9.929599761962890625e+01 8.089600372314453125e+01 5.891315223276614998e-02 5.789044706821441233e-01
9.929599761962890625e+01 8.083599853515625000e+01 5.879963735491037374e-02 5.890634945034980419e-01
9.929599761962890625e+01 8.099200439453125000e+01 5.868371990323066612e-02 5.840176891982555851e-01
9.929599761962890625e+01 8.083200073242187500e+01 5.868457848578691183e-02 5.898183188438415048e-01
9.928399658203125000e+01 8.111600494384765625e+01 5.957609010487795176e-02 5.837423704564571603e-01
9.929599761962890625e+01 8.107600402832031250e+01 5.871714913100004041e-02 5.856320687234402023e-01
9.929599761962890625e+01 8.098400115966796875e+01 5.868962824344634704e-02 5.823034813404083243e-01
9.929599761962890625e+01 8.094799804687500000e+01 5.836054225265979722e-02 5.866848569810390046e-01
9.929599761962890625e+01 8.088800048828125000e+01 5.820046778768300788e-02 5.840577107071877050e-01
9.652000427246093750e+01 6.729199981689453125e+01 1.177952029854059252e-01 6.735027574300765929e-01
8.263600158691406250e+01 7.405599975585937500e+01 3.705571156740188332e-01 5.644915819168090376e-01
8.862400054931640625e+01 7.938800048828125000e+01 2.460470602810382879e-01 5.427287217676639575e-01
9.434799957275390625e+01 8.189600372314453125e+01 1.942420188486576049e-01 4.904357707798481236e-01
9.587599945068359375e+01 7.823999786376953125e+01 1.712192081958055501e-01 5.235367107391357688e-01
9.677199554443359375e+01 8.356800079345703125e+01 1.496945650875568523e-01 5.232635245919227129e-01
9.722399902343750000e+01 8.314800262451171875e+01 1.360746913701295913e-01 5.351676334440708116e-01
9.791600036621093750e+01 8.283200073242187500e+01 1.231723583191633165e-01 5.173767005801200858e-01
9.685199737548828125e+01 8.216400146484375000e+01 1.365377243906259475e-01 5.116851174235343969e-01
9.792400360107421875e+01 8.345600128173828125e+01 1.205887696593999914e-01 5.313679873645306140e-01
9.861199951171875000e+01 8.297599792480468750e+01 1.043967178389429984e-01 5.228734101355075881e-01
9.854399871826171875e+01 8.291600036621093750e+01 1.019945989400148356e-01 5.278216059505939084e-01
9.864399719238281250e+01 8.283599853515625000e+01 9.990447407215834186e-02 5.271117956042289387e-01
9.883999633789062500e+01 8.215200042724609375e+01 9.391500934213399543e-02 5.231351971924305122e-01
9.887599945068359375e+01 8.230799865722656250e+01 9.121966853737831227e-02 5.323710269331931588e-01
9.890000152587890625e+01 8.222399902343750000e+01 8.954723913967609084e-02 5.337047899663448502e-01
9.887599945068359375e+01 8.227999877929687500e+01 8.897813557833432474e-02 5.883882728517055849e-01
9.883599853515625000e+01 8.213199615478515625e+01 8.956240341812372885e-02 5.333868721425533144e-01
9.891999816894531250e+01 8.119599914550781250e+01 8.708532121032476481e-02 5.391824224591255099e-01
9.893599700927734375e+01 8.208000183105468750e+01 8.577167182415723623e-02 5.426947113275527590e-01
9.894400024414062500e+01 8.134400177001953125e+01 8.506002876162528648e-02 5.396887187957764009e-01
9.893599700927734375e+01 8.176399993896484375e+01 8.484993228316306535e-02 5.416256299018860076e-01
9.894799804687500000e+01 8.163200378417968750e+01 8.386875426024198443e-02 5.425532528460025317e-01
9.894799804687500000e+01 8.186799621582031250e+01 8.321013464033603924e-02 5.410744352638721111e-01
