7.500000000000000000e+01 9.899852098884769358e-01
7.500000000000000000e+01 9.792937489390747263e-01
5.000000000000000000e+01 9.676701666595161067e-01
5.000000000000000000e+01 9.485236239839213157e-01
5.000000000000000000e+01 8.955686656364215681e-01
5.000000000000000000e+01 8.051430832643005076e-01
2.500000000000000000e+01 6.467205905281507849e-01
2.500000000000000000e+01 4.040394955479544303e-01
2.500000000000000000e+01 2.177004250190401058e-01
2.500000000000000000e+01 1.509245070377550901e-01
2.500000000000000000e+01 1.198345723452484413e-01
5.000000000000000000e+01 9.991069597729097806e-02
5.000000000000000000e+01 8.549968083815331910e-02
5.000000000000000000e+01 7.444881059899266518e-02
7.500000000000000000e+01 6.567470382665997752e-02
1.000000000000000000e+02 5.853846967261554235e-02
1.000000000000000000e+02 5.262693422362292595e-02
1.000000000000000000e+02 4.765701630096352837e-02
1.000000000000000000e+02 4.342691378528017870e-02
1.000000000000000000e+02 3.978843908456316386e-02
1.000000000000000000e+02 3.663018522941954153e-02
1.000000000000000000e+02 3.386675119787498772e-02
1.000000000000000000e+02 3.143157838157499551e-02
1.000000000000000000e+02 2.927204265751852386e-02
1.000000000000000000e+02 2.734600766110243872e-02
1.000000000000000000e+02 2.561935294431748333e-02
1.000000000000000000e+02 2.406416877301676555e-02
1.000000000000000000e+02 2.265741650550764236e-02
1.000000000000000000e+02 2.137992018746368711e-02
1.000000000000000000e+02 2.021559766108094527e-02
1.000000000000000000e+02 1.915086743413839734e-02
1.000000000000000000e+02 1.817418624690994577e-02
1.000000000000000000e+02 1.727568500922270836e-02
1.000000000000000000e+02 1.644687959993499163e-02
1.000000000000000000e+02 1.568043922204798504e-02
1.000000000000000000e+02 1.496999942620974924e-02
1.000000000000000000e+02 1.431001010500788755e-02
1.000000000000000000e+02 1.369561108922517922e-02
1.000000000000000000e+02 1.312252969581018114e-02
1.000000000000000000e+02 1.258699585828658082e-02
1.000000000000000000e+02 1.208567143404145131e-02
1.000000000000000000e+02 1.161559101430446883e-02
1.000000000000000000e+02 1.117411212222637479e-02
1.000000000000000000e+02 1.075887311592814422e-02
1.000000000000000000e+02 1.036775744847790934e-02
1.000000000000000000e+02 9.998863198772708558e-03
1.000000000000000000e+02 9.650476993515757357e-03
1.000000000000000000e+02 9.321051603769508684e-03
1.000000000000000000e+02 9.009186629618581854e-03
1.000000000000000000e+02 8.713611790631441839e-03
1.000000000000000000e+02 8.433172423663648498e-03
1.000000000000000000e+02 8.166816857391982418e-03
1.000000000000000000e+02 7.913585388128370479e-03
1.000000000000000000e+02 7.672600626509741562e-03
1.000000000000000000e+02 7.443059021611903373e-03
1.000000000000000000e+02 7.224223399471957352e-03
1.000000000000000000e+02 7.015416378173710242e-03
1.000000000000000000e+02 6.816014542546313011e-03
1.000000000000000000e+02 6.625443278937040090e-03
1.000000000000000000e+02 6.443172185076025300e-03
1.000000000000000000e+02 6.268710982265739487e-03
1.000000000000000000e+02 6.101605867408474437e-03
1.000000000000000000e+02 5.941436251066509189e-03
1.000000000000000000e+02 5.787811835102371280e-03
1.000000000000000000e+02 5.640369989692030697e-03
1.000000000000000000e+02 5.498773394824067740e-03
1.000000000000000000e+02 5.362707915941965914e-03
1.000000000000000000e+02 5.231880687278330985e-03
1.000000000000000000e+02 5.106018379771049172e-03
1.000000000000000000e+02 4.984865633327215106e-03
1.000000000000000000e+02 4.868183635681448337e-03
1.000000000000000000e+02 4.755748832240815072e-03
1.000000000000000000e+02 4.647351753167690627e-03
1.000000000000000000e+02 4.542795945566918681e-03
1.000000000000000000e+02 4.441897000048933286e-03
1.000000000000000000e+02 4.344481662166294750e-03
1.000000000000000000e+02 4.250387020292351568e-03
1.000000000000000000e+02 4.159459762448405526e-03
1.000000000000000000e+02 4.071555495408263163e-03
1.000000000000000000e+02 3.986538120132155499e-03
1.000000000000000000e+02 3.904279258218175223e-03
1.000000000000000000e+02 3.824657724620293860e-03
1.000000000000000000e+02 3.747559042378178357e-03
1.000000000000000000e+02 3.672874995541832149e-03
1.000000000000000000e+02 3.600503216863188555e-03
1.000000000000000000e+02 3.530346807171154747e-03
1.000000000000000000e+02 3.462313983653480566e-03
1.000000000000000000e+02 3.396317754541149005e-03
1.000000000000000000e+02 3.332275617934743733e-03
1.000000000000000000e+02 3.270109282728576872e-03
1.000000000000000000e+02 3.209744409783097264e-03
1.000000000000000000e+02 3.151110371669064818e-03
1.000000000000000000e+02 3.094140029463195336e-03
1.000000000000000000e+02 3.038769525214030445e-03
1.000000000000000000e+02 2.984938088822692171e-03
1.000000000000000000e+02 2.932587858195792596e-03
1.000000000000000000e+02 2.881663711629302380e-03
1.000000000000000000e+02 2.832113111474094530e-03
1.000000000000000000e+02 2.783885958216246199e-03
1.000000000000000000e+02 2.736934454180044596e-03
1.000000000000000000e+02 2.691212976129338935e-03
1.000000000000000000e+02 2.646677956103880586e-03
1.000000000000000000e+02 2.603287769882848580e-03
1.000000000000000000e+02 2.561002632518233693e-03
1.000000000000000000e+02 2.519784500426276545e-03
1.000000000000000000e+02 2.479596979566820597e-03
1.000000000000000000e+02 2.440405239278333350e-03
1.000000000000000000e+02 2.402175931370681417e-03
1.000000000000000000e+02 2.364877114109306677e-03
1.000000000000000000e+02 2.328478180752929262e-03
1.000000000000000000e+02 2.292949792333335950e-03
1.000000000000000000e+02 2.258263814389545755e-03
1.000000000000000000e+02 2.224393257390589167e-03
1.000000000000000000e+02 2.191312220601330119e-03
1.000000000000000000e+02 2.158995839163896716e-03
1.000000000000000000e+02 2.127420234184320465e-03
1.000000000000000000e+02 2.096562465629452261e-03
1.000000000000000000e+02 2.066400487853282432e-03
1.000000000000000000e+02 2.036913107584996038e-03
1.000000000000000000e+02 2.008079944223081954e-03
1.000000000000000000e+02 1.979881392290854490e-03
1.000000000000000000e+02 1.952298585918883604e-03
1.000000000000000000e+02 1.925313365229358370e-03
1.000000000000000000e+02 1.898908244505966621e-03
1.000000000000000000e+02 1.873066382040875335e-03
1.000000000000000000e+02 1.847771551557892029e-03
1.000000000000000000e+02 1.823008115117579625e-03
1.000000000000000000e+02 1.798760997416532122e-03
1.000000000000000000e+02 1.775015661398773653e-03
1.000000000000000000e+02 1.751758085102801286e-03
1.000000000000000000e+02 1.728974739672584776e-03
1.000000000000000000e+02 1.706652568465770242e-03
1.000000000000000000e+02 1.684778967196412860e-03
1.000000000000000000e+02 1.663341765053725921e-03
1.000000000000000000e+02 1.642329206742003606e-03
1.000000000000000000e+02 1.621729935390327617e-03
1.000000000000000000e+02 1.601532976283889798e-03
1.000000000000000000e+02 1.581727721371838568e-03
1.000000000000000000e+02 1.562303914509205471e-03
1.000000000000000000e+02 1.543251637393178426e-03
1.000000000000000000e+02 1.524561296156370926e-03
1.000000000000000000e+02 1.506223608581989167e-03
1.000000000000000000e+02 1.488229591907943000e-03
1.000000000000000000e+02 1.470570551188826822e-03
1.000000000000000000e+02 1.453238068186635951e-03
1.000000000000000000e+02 1.436223990762772532e-03
1.000000000000000000e+02 1.419520422745403423e-03
1.000000000000000000e+02 1.403119714247869814e-03
1.000000000000000000e+02 1.387014452415231362e-03
1.000000000000000000e+02 1.371197452577129850e-03
1.000000000000000000e+02 1.355661749786825701e-03
1.000000000000000000e+02 1.340400590726862230e-03
1.000000000000000000e+02 1.325407425963410612e-03
1.000000000000000000e+02 1.310675902531976099e-03
1.000000000000000000e+02 1.296199856838342731e-03
1.000000000000000000e+02 1.281973307859349612e-03
1.000000000000000000e+02 1.267990450629117444e-03
1.000000000000000000e+02 1.254245649996925610e-03
1.000000000000000000e+02 1.240733434643816538e-03
1.000000000000000000e+02 1.227448491345706216e-03
1.000000000000000000e+02 1.214385659471327056e-03
1.000000000000000000e+02 1.201539925704008405e-03
1.000000000000000000e+02 1.188906418976962273e-03
1.000000000000000000e+02 1.176480405612083564e-03
1.000000000000000000e+02 1.164257284652987301e-03
1.000000000000000000e+02 1.152232583383404731e-03
1.000000000000000000e+02 1.140401953022459431e-03
1.000000000000000000e+02 1.128761164588924348e-03
1.000000000000000000e+02 1.117306104926778405e-03
1.000000000000000000e+02 1.106032772884975486e-03
1.000000000000000000e+02 1.094937275644457600e-03
1.000000000000000000e+02 1.084015825186042349e-03
1.000000000000000000e+02 1.073264734892919294e-03
1.000000000000000000e+02 1.062680416281931977e-03
1.000000000000000000e+02 1.052259375858024225e-03
1.000000000000000000e+02 1.041998212086585199e-03
1.000000000000000000e+02 1.031893612478630620e-03
1.000000000000000000e+02 1.021942350783956645e-03
1.000000000000000000e+02 1.012141284287772832e-03
1.000000000000000000e+02 1.002487351206390615e-03
1.000000000000000000e+02 9.929775681778376002e-04
1.000000000000000000e+02 9.836090278434461709e-04
1.000000000000000000e+02 9.743788965166290828e-04
1.000000000000000000e+02 9.652844119352506228e-04
1.000000000000000000e+02 9.563228810941541355e-04
1.000000000000000000e+02 9.474916781546363544e-04
1.000000000000000000e+02 9.387882424276273140e-04
1.000000000000000000e+02 9.302100764277290539e-04
1.000000000000000000e+02 9.217547439951713495e-04
1.000000000000000000e+02 9.134198684830271975e-04
1.000000000000000000e+02 9.052031310070732858e-04
1.000000000000000000e+02 8.971022687558127340e-04
1.000000000000000000e+02 8.891150733583134567e-04
1.000000000000000000e+02 8.812393893075817471e-04
1.000000000000000000e+02 8.734731124373303242e-04
1.000000000000000000e+02 8.658141884500284921e-04
1.000000000000000000e+02 8.582606114943215538e-04
1.000000000000000000e+02 8.508104227898806004e-04
1.000000000000000000e+02 8.434617092978823581e-04
1.000000000000000000e+02 8.362126024353893575e-04
1.000000000000000000e+02 8.290612768319866651e-04
1.000000000000000000e+02 8.220059491270519103e-04
1.000000000000000000e+02 8.150448768061848521e-04
1.000000000000000000e+02 8.081763570752902026e-04
1.000000000000000000e+02 8.013987257709534679e-04
1.000000000000000000e+02 7.947103563057779721e-04
1.000000000000000000e+02 7.881096586473269449e-04
1.000000000000000000e+02 7.815950783295812655e-04
1.000000000000000000e+02 7.751650954955766927e-04
1.000000000000000000e+02 7.688182239702136831e-04
1.000000000000000000e+02 7.625530103620827352e-04
1.000000000000000000e+02 7.563680331932791726e-04
1.000000000000000000e+02 7.502619020562648674e-04
1.000000000000000000e+02 7.442332567967097252e-04
1.000000000000000000e+02 7.382807667214983695e-04
1.000000000000000000e+02 7.324031298309638654e-04
1.000000000000000000e+02 7.265990720745018304e-04
1.000000000000000000e+02 7.208673466287567663e-04
1.000000000000000000e+02 7.152067331976309957e-04
1.000000000000000000e+02 7.096160373332802834e-04
1.000000000000000000e+02 7.040940897774708830e-04
1.000000000000000000e+02 6.986397458225242132e-04
1.000000000000000000e+02 6.932518846912319281e-04
1.000000000000000000e+02 6.879294089350679840e-04
1.000000000000000000e+02 6.826712438500944511e-04
1.000000000000000000e+02 6.774763369099563032e-04
1.000000000000000000e+02 6.723436572154061711e-04
1.000000000000000000e+02 6.672721949598022124e-04
1.000000000000000000e+02 6.622609609100232279e-04
1.000000000000000000e+02 6.573089859023516224e-04
1.000000000000000000e+02 6.524153203527672563e-04
1.000000000000000000e+02 6.475790337812073385e-04
1.000000000000000000e+02 6.427992143493645345e-04
1.000000000000000000e+02 6.380749684115204386e-04
1.000000000000000000e+02 6.334054200780496816e-04
1.000000000000000000e+02 6.287897107911629476e-04
1.000000000000000000e+02 6.242269989124912127e-04
1.000000000000000000e+02 6.197164593221375899e-04
1.000000000000000000e+02 6.152572830288500529e-04
1.000000000000000000e+02 6.108486767909232073e-04
1.000000000000000000e+02 6.064898627475301960e-04
1.000000000000000000e+02 6.021800780601429962e-04
1.000000000000000000e+02 5.979185745637015381e-04
1.000000000000000000e+02 5.937046184272766394e-04
1.000000000000000000e+02 5.895374898238786186e-04
1.000000000000000000e+02 5.854164826091803279e-04
1.000000000000000000e+02 5.813409040088209946e-04
1.000000000000000000e+02 5.773100743141000536e-04
1.000000000000000000e+02 5.733233265857306128e-04
1.000000000000000000e+02 5.693800063654637931e-04
1.000000000000000000e+02 5.654794713953146265e-04
1.000000000000000000e+02 5.616210913441658419e-04
1.000000000000000000e+02 5.578042475415463577e-04
1.000000000000000000e+02 5.540283327183229741e-04
1.000000000000000000e+02 5.502927507541721230e-04
1.000000000000000000e+02 5.465969164315524938e-04
1.000000000000000000e+02 5.429402551960251216e-04
1.000000000000000000e+02 5.393222029227591734e-04
1.000000000000000000e+02 5.357422056889761270e-04
1.000000000000000000e+02 5.321997195522026707e-04
1.000000000000000000e+02 5.286942103341933305e-04
1.000000000000000000e+02 5.252251534102463527e-04
1.000000000000000000e+02 5.217920335039050346e-04
1.000000000000000000e+02 5.183943444867563245e-04
1.000000000000000000e+02 5.150315891832868984e-04
1.000000000000000000e+02 5.117032791805569986e-04
1.000000000000000000e+02 5.084089346426257875e-04
1.000000000000000000e+02 5.051480841295791398e-04
1.000000000000000000e+02 5.019202644209839071e-04
1.000000000000000000e+02 4.987250203437121679e-04
1.000000000000000000e+02 4.955619046039559184e-04
1.000000000000000000e+02 4.924304776233619490e-04
1.000000000000000000e+02 4.893303073791096386e-04
1.000000000000000000e+02 4.862609692478997371e-04
1.000000000000000000e+02 4.832220458536907472e-04
1.000000000000000000e+02 4.802131269190835919e-04
1.000000000000000000e+02 4.772338091202912511e-04
1.000000000000000000e+02 4.742836959455352898e-04
1.000000000000000000e+02 4.713623975568539915e-04
1.000000000000000000e+02 4.684695306551345294e-04
1.000000000000000000e+02 4.656047183483854376e-04
1.000000000000000000e+02 4.627675900230584019e-04
1.000000000000000000e+02 4.599577812184243563e-04
1.000000000000000000e+02 4.571749335038748649e-04
1.000000000000000000e+02 4.544186943590723541e-04
1.000000000000000000e+02 4.516887170568908635e-04
1.000000000000000000e+02 4.489846605490563532e-04
1.000000000000000000e+02 4.463061893544424371e-04
1.000000000000000000e+02 4.436529734499007659e-04
1.000000000000000000e+02 4.410246881636260027e-04
1.000000000000000000e+02 4.384210140709207345e-04
1.000000000000000000e+02 4.358416368923560911e-04
1.000000000000000000e+02 4.332862473942265900e-04
1.000000000000000000e+02 4.307545412912589834e-04
1.000000000000000000e+02 4.282462191515071280e-04
1.000000000000000000e+02 4.257609863033901595e-04
1.000000000000000000e+02 4.232985527447985659e-04
1.000000000000000000e+02 4.208586330542292376e-04
1.000000000000000000e+02 4.184409463038978299e-04
1.000000000000000000e+02 4.160452159747811147e-04
