5.634400177001953125e+01 7.007199859619140625e+01 7.065570819377898770e-01 6.021279449462890732e-01
6.287999725341796875e+01 7.633200073242187500e+01 6.306970207691192654e-01 5.496046535968780455e-01
6.716400146484375000e+01 7.836800384521484375e+01 5.908563356399536559e-01 5.265026733875274312e-01
6.912799835205078125e+01 8.000800323486328125e+01 5.676242089271545943e-01 5.103414285182953369e-01
7.082800292968750000e+01 8.097200012207031250e+01 5.509660483598709524e-01 4.963922601938247636e-01
7.183200073242187500e+01 8.156399536132812500e+01 5.386505728960037098e-01 4.843321237564087167e-01
7.302799987792968750e+01 8.272000122070312500e+01 5.243576328754424587e-01 4.709807667732238690e-01
7.381200408935546875e+01 8.349199676513671875e+01 5.165912555456161348e-01 4.533674838542938179e-01
7.406399536132812500e+01 8.391199493408203125e+01 5.065817284584045455e-01 4.401106579303741273e-01
7.535600280761718750e+01 8.379199981689453125e+01 4.929946485757827901e-01 4.401664066314697199e-01
7.553199768066406250e+01 8.487999725341796875e+01 4.831202400922775531e-01 4.171562340259551971e-01
7.647599792480468750e+01 8.456400299072265625e+01 4.744126174449920796e-01 4.131568300724029474e-01
7.681999969482421875e+01 8.505999755859375000e+01 4.647564150094986024e-01 4.022789608240127657e-01
7.718399810791015625e+01 8.549200439453125000e+01 4.560782465934753449e-01 3.942102982997894300e-01
7.820800018310546875e+01 8.555599975585937500e+01 4.481483447551727339e-01 3.834972413778304778e-01
7.841600036621093750e+01 8.569599914550781250e+01 4.420946966409683432e-01 3.779971375465392969e-01
7.873200225830078125e+01 8.561999511718750000e+01 4.392480256557464435e-01 3.773562763929367292e-01
7.847599792480468750e+01 8.586399841308593750e+01 4.324424774646759007e-01 3.689084682464599529e-01
7.957199859619140625e+01 8.617600250244140625e+01 4.202468860149383700e-01 3.617695319652557417e-01
7.988800048828125000e+01 8.648799896240234375e+01 4.154807435274124328e-01 3.524306197762489545e-01
8.027200317382812500e+01 8.644799804687500000e+01 4.092336070537567205e-01 3.495640038847923070e-01
8.062400054931640625e+01 8.673600006103515625e+01 4.012668507099151349e-01 3.440959352254867598e-01
8.096800231933593750e+01 8.672799682617187500e+01 4.005849691629409515e-01 3.409609368443489164e-01
8.119999694824218750e+01 8.690399932861328125e+01 3.943146772384643617e-01 3.339216259717941448e-01
8.138399505615234375e+01 8.699200439453125000e+01 3.893280109167098768e-01 3.305232999920845183e-01
8.149200439453125000e+01 8.697999572753906250e+01 3.859236369132995614e-01 3.276638678908347924e-01
8.198400115966796875e+01 8.704799652099609375e+01 3.792812361717224356e-01 3.269804104566574332e-01
8.202400207519531250e+01 8.663999938964843750e+01 3.761393244266509894e-01 3.317038797140121620e-01
8.180000305175781250e+01 8.737200164794921875e+01 3.768952739238738969e-01 3.174850957393646200e-01
8.259999847412109375e+01 8.735200500488281250e+01 3.674169056415557688e-01 3.159577116966247323e-01
8.277600097656250000e+01 8.741200256347656250e+01 3.619573678970336994e-01 3.157541720867156898e-01
8.318000030517578125e+01 8.726799774169921875e+01 3.586579242944717416e-01 3.132205948829651088e-01
8.325199890136718750e+01 8.731999969482421875e+01 3.551947812438011054e-01 3.114290049672126526e-01
8.313600158691406250e+01 8.740000152587890625e+01 3.545683593749999751e-01 3.091860864758491645e-01
8.346800231933593750e+01 8.735600280761718750e+01 3.487112134695052879e-01 3.096563825607299703e-01
8.384799957275390625e+01 8.753200531005859375e+01 3.414693186879158016e-01 3.037750393748283595e-01
8.411199951171875000e+01 8.766000366210937500e+01 3.426591141819954056e-01 3.025001077651977566e-01
8.398400115966796875e+01 8.765599822998046875e+01 3.380987817049026511e-01 3.021437006592750385e-01
8.406400299072265625e+01 8.756800079345703125e+01 3.346804150938987865e-01 2.996731324195862078e-01
8.435599517822265625e+01 8.764799499511718750e+01 3.326057902574539038e-01 3.007069637775421356e-01
8.490399932861328125e+01 8.759999847412109375e+01 3.251580430865287918e-01 3.003208622336387412e-01
8.510800170898437500e+01 8.780400085449218750e+01 3.252880668640136808e-01 2.969842445254325947e-01
8.501999664306640625e+01 8.769200134277343750e+01 3.253457492589950650e-01 2.979438295364379985e-01
8.526399993896484375e+01 8.769200134277343750e+01 3.187684787511825824e-01 2.968672772049903985e-01
8.555599975585937500e+01 8.772799682617187500e+01 3.139675803184509006e-01 2.968783532381057966e-01
8.541200256347656250e+01 8.771600341796875000e+01 3.167179600596428113e-01 2.953603023886680612e-01
8.565200042724609375e+01 8.773999786376953125e+01 3.083961523771285851e-01 2.960491412281990309e-01
8.607199859619140625e+01 8.765599822998046875e+01 3.069291216731071525e-01 2.941871803998947210e-01
8.598799896240234375e+01 8.768399810791015625e+01 3.030907739400863776e-01 2.945358958244323477e-01
8.634799957275390625e+01 8.779600524902343750e+01 2.966188264489174053e-01 2.936771298646926875e-01
8.661599731445312500e+01 8.774799346923828125e+01 2.962973389625549459e-01 2.944908524155616658e-01
8.674399566650390625e+01 8.747599792480468750e+01 2.950288440585136507e-01 2.964327915310859818e-01
8.649200439453125000e+01 8.776399993896484375e+01 2.955095525383949484e-01 2.938889247775077762e-01
8.687200164794921875e+01 8.772399902343750000e+01 2.874366833567619239e-01 2.950175269246101406e-01
8.707200622558593750e+01 8.773200225830078125e+01 2.872724857330322124e-01 2.944533297419548168e-01
8.708000183105468750e+01 8.769200134277343750e+01 2.852644301056861953e-01 2.945991967320442106e-01
8.757200622558593750e+01 8.774399566650390625e+01 2.818490572571754615e-01 2.941763010025024161e-01
8.717200469970703125e+01 8.769999694824218750e+01 2.816936632990836853e-01 2.957487576603889390e-01
8.780799865722656250e+01 8.775600433349609375e+01 2.760538534522056775e-01 2.955627863407134792e-01
8.730400085449218750e+01 8.771600341796875000e+01 2.775884878635406228e-01 2.957050048708915746e-01
8.763600158691406250e+01 8.777600097656250000e+01 2.731822121143341331e-01 2.953230750560760232e-01
8.791999816894531250e+01 8.766400146484375000e+01 2.705944983959198136e-01 2.967689380049705616e-01
8.797200012207031250e+01 8.762000274658203125e+01 2.664784740209579228e-01 2.980107449293136757e-01
8.810399627685546875e+01 8.772399902343750000e+01 2.656102449297905177e-01 2.988088650107383892e-01
8.827999877929687500e+01 8.755200195312500000e+01 2.620722439885139199e-01 3.006155890822410637e-01
8.852000427246093750e+01 8.770400238037109375e+01 2.578845897912979135e-01 2.990317234396934754e-01
8.848000335693359375e+01 8.766400146484375000e+01 2.569759109616279735e-01 2.979944232106208624e-01
8.866400146484375000e+01 8.771600341796875000e+01 2.565821957588195756e-01 2.998737478852271932e-01
8.848799896240234375e+01 8.773600006103515625e+01 2.556409349739551806e-01 3.003005543947219746e-01
8.886399841308593750e+01 8.771600341796875000e+01 2.486552093625068738e-01 3.017410640716552961e-01
8.913199615478515625e+01 8.770800018310546875e+01 2.477926986813545340e-01 3.029701085090636958e-01
8.890399932861328125e+01 8.754799652099609375e+01 2.469315005540847763e-01 3.048264610767364435e-01
8.886000061035156250e+01 8.760399627685546875e+01 2.448925254940986507e-01 3.056260027289390835e-01
8.886000061035156250e+01 8.755200195312500000e+01 2.448968426585197422e-01 3.077947299480437993e-01
8.913600158691406250e+01 8.750799560546875000e+01 2.419219949841499295e-01 3.073823191523551990e-01
8.902000427246093750e+01 8.763600158691406250e+01 2.408866562247276299e-01 3.080278058052062784e-01
8.954799652099609375e+01 8.751200103759765625e+01 2.335747517943382312e-01 3.088596560359000986e-01
8.919199371337890625e+01 8.743600463867187500e+01 2.383489458560943686e-01 3.076138780117034788e-01
8.945999908447265625e+01 8.755999755859375000e+01 2.316307459473609942e-01 3.120485363602638063e-01
8.930400085449218750e+01 8.766400146484375000e+01 2.296202262043952891e-01 3.128316062092780792e-01
8.911599731445312500e+01 8.740000152587890625e+01 2.337932642102241443e-01 3.090913090705871835e-01
8.972799682617187500e+01 8.755200195312500000e+01 2.264158991575241087e-01 3.166730864644050625e-01
8.981199645996093750e+01 8.763200378417968750e+01 2.229948499500751524e-01 3.178874841332435808e-01
8.950000000000000000e+01 8.754799652099609375e+01 2.245289981365203857e-01 3.181127923130989132e-01
8.982399749755859375e+01 8.743199920654296875e+01 2.241503122448921248e-01 3.140578368902206541e-01
8.944000244140625000e+01 8.749200439453125000e+01 2.239316264390945332e-01 3.177918117642402618e-01
9.005200195312500000e+01 8.763600158691406250e+01 2.189123710095882414e-01 3.204456561505794610e-01
9.008399963378906250e+01 8.739200592041015625e+01 2.176802460849285026e-01 3.190437052845954691e-01
8.994000244140625000e+01 8.745600128173828125e+01 2.167593007981777065e-01 3.212159396409988155e-01
9.028400421142578125e+01 8.754000091552734375e+01 2.139424930214881837e-01 3.171020137667656114e-01
9.022399902343750000e+01 8.745200347900390625e+01 2.124916152358055088e-01 3.252068874835968293e-01
9.005200195312500000e+01 8.739200592041015625e+01 2.103680029809474883e-01 3.280374050140381081e-01
9.047599792480468750e+01 8.743600463867187500e+01 2.059424363970756566e-01 3.261499892473220807e-01
9.054000091552734375e+01 8.731200408935546875e+01 2.064291253983974450e-01 3.254868068695068173e-01
9.072399902343750000e+01 8.739200592041015625e+01 2.044270072281360595e-01 3.271254504919052231e-01
9.023600006103515625e+01 8.741999816894531250e+01 2.080510686933994269e-01 3.279294431805610532e-01
9.025599670410156250e+01 8.747200012207031250e+01 2.049795571565627972e-01 3.338516765236854700e-01
9.044400024414062500e+01 8.742799377441406250e+01 2.037655858099460537e-01 3.343905716538429496e-01
9.082400512695312500e+01 8.722000122070312500e+01 1.974593888223171168e-01 3.263687413334846465e-01
9.051200103759765625e+01 8.743600463867187500e+01 2.000173760354518881e-01 3.348975211381912120e-01
9.081599426269531250e+01 8.721200561523437500e+01 1.955406878590583708e-01 3.367061985135078594e-01
9.078400421142578125e+01 8.751999664306640625e+01 1.975032107234001022e-01 3.495126349925994913e-01
9.051599884033203125e+01 8.737599945068359375e+01 1.991908212006092138e-01 3.486873423457145793e-01
9.109200286865234375e+01 8.746799468994140625e+01 1.916762622296810104e-01 3.443563036918640408e-01
9.069599914550781250e+01 8.745600128173828125e+01 1.975399182736873593e-01 3.440332361161708707e-01
9.087200164794921875e+01 8.743600463867187500e+01 1.938346339166164278e-01 3.467635348439216392e-01
9.072800445556640625e+01 8.731200408935546875e+01 1.913498033583164171e-01 3.463442851603031336e-01
9.129599761962890625e+01 8.749200439453125000e+01 1.873818077147006989e-01 3.437231830358505325e-01
9.087599945068359375e+01 8.724399566650390625e+01 1.906637340784072820e-01 3.404465293288230776e-01
9.071599578857421875e+01 8.741200256347656250e+01 1.913498691320419387e-01 3.504030728340148948e-01
9.070800018310546875e+01 8.731999969482421875e+01 1.935003796815872312e-01 3.450632469058037000e-01
9.137200164794921875e+01 8.730000305175781250e+01 1.811083096861839381e-01 3.486002227962017308e-01
9.154000091552734375e+01 8.740000152587890625e+01 1.815510774254798787e-01 3.626732901632785944e-01
9.139199829101562500e+01 8.740399932861328125e+01 1.821212718486786009e-01 3.614981828927993912e-01
9.148799896240234375e+01 8.745600128173828125e+01 1.811876644790172686e-01 3.563852896690368754e-01
9.152400207519531250e+01 8.726799774169921875e+01 1.800655281245708561e-01 3.533873319625854270e-01
9.155999755859375000e+01 8.751200103759765625e+01 1.794467540681362050e-01 3.569523823857307376e-01
9.104800415039062500e+01 8.746399688720703125e+01 1.834369155168533438e-01 3.750255790352821084e-01
9.113999938964843750e+01 8.732799530029296875e+01 1.811112293899059256e-01 3.630315686166286637e-01
9.140399932861328125e+01 8.736000061035156250e+01 1.763636931478977099e-01 3.653818704485893298e-01
9.141600036621093750e+01 8.740799713134765625e+01 1.783097343444824123e-01 3.609273102581501136e-01
9.131600189208984375e+01 8.754799652099609375e+01 1.793459756672382277e-01 3.705569076836109366e-01
9.199600219726562500e+01 8.743199920654296875e+01 1.692994125485420276e-01 3.675624264180660239e-01
9.163600158691406250e+01 8.718399810791015625e+01 1.741737309098243813e-01 3.697871979475021442e-01
9.139999389648437500e+01 8.746799468994140625e+01 1.731658334136009225e-01 3.682308418154716656e-01
9.164399719238281250e+01 8.735600280761718750e+01 1.689661768674850517e-01 3.783942483663558787e-01
9.161599731445312500e+01 8.750000000000000000e+01 1.698101470470428365e-01 3.773220149874687013e-01
9.186800384521484375e+01 8.723600006103515625e+01 1.694765873253345490e-01 3.768118432760238501e-01
9.175999450683593750e+01 8.694400024414062500e+01 1.700938067734241443e-01 3.733983135223388761e-01
9.198799896240234375e+01 8.748000335693359375e+01 1.651187005937099495e-01 3.755188644230365580e-01
9.167199707031250000e+01 8.737999725341796875e+01 1.689571055471897065e-01 3.873285472095012727e-01
9.185199737548828125e+01 8.719599914550781250e+01 1.681189990639686549e-01 3.762660308480262894e-01
9.166400146484375000e+01 8.738399505615234375e+01 1.689578466415405378e-01 3.898751637637615231e-01
9.186000061035156250e+01 8.726000213623046875e+01 1.661306725293398012e-01 3.788084251284599135e-01
9.168800354003906250e+01 8.676000213623046875e+01 1.649612621963024162e-01 3.717691864967346271e-01
9.181999969482421875e+01 8.719999694824218750e+01 1.651325811445712999e-01 3.875315841436385855e-01
9.193999481201171875e+01 8.717600250244140625e+01 1.624862384200096155e-01 3.790825034081936051e-01
9.187999725341796875e+01 8.733999633789062500e+01 1.633080697357654487e-01 4.035561470985412624e-01
9.191600036621093750e+01 8.733200073242187500e+01 1.647853708267211781e-01 3.927883313298225487e-01
9.187200164794921875e+01 8.742799377441406250e+01 1.625343445241451135e-01 3.964982452988624617e-01
9.187999725341796875e+01 8.733999633789062500e+01 1.647170709371566788e-01 3.850911198258399892e-01
9.195999908447265625e+01 8.730799865722656250e+01 1.596932882964610945e-01 3.885439622998237419e-01
9.159999847412109375e+01 8.720800018310546875e+01 1.631078594028949613e-01 3.966282834410667646e-01
9.188400268554687500e+01 8.720800018310546875e+01 1.596439056694507475e-01 3.884198109805583887e-01
9.197200012207031250e+01 8.702399444580078125e+01 1.581036883890628852e-01 3.992670181095600013e-01
9.197200012207031250e+01 8.722399902343750000e+01 1.598508217334747294e-01 4.038476203978061951e-01
9.232399749755859375e+01 8.721600341796875000e+01 1.552671867012977713e-01 3.966651899516582258e-01
9.199600219726562500e+01 8.726000213623046875e+01 1.606239747703075427e-01 4.030977160334587306e-01
9.185199737548828125e+01 8.717600250244140625e+01 1.614490419030189527e-01 4.042160484194755599e-01
9.245999908447265625e+01 8.719999694824218750e+01 1.538432783484458832e-01 3.985517198443412901e-01
9.200399780273437500e+01 8.715599822998046875e+01 1.567174146473407637e-01 3.913818582296371695e-01
9.205200195312500000e+01 8.719999694824218750e+01 1.579171330034732923e-01 4.074484967589378503e-01
9.196800231933593750e+01 8.721600341796875000e+01 1.571606159806251402e-01 3.994158231019973582e-01
9.236000061035156250e+01 8.734400177001953125e+01 1.524385939538478729e-01 4.185001962482929327e-01
9.197599792480468750e+01 8.720399475097656250e+01 1.584995173215865971e-01 4.060279220938682321e-01
9.217200469970703125e+01 8.723200225830078125e+01 1.531957480013370620e-01 4.174653790891170724e-01
9.203199768066406250e+01 8.727200317382812500e+01 1.568059686720371382e-01 4.206792183220386394e-01
9.192800140380859375e+01 8.712000274658203125e+01 1.566415276229381481e-01 4.019286432266235276e-01
9.187200164794921875e+01 8.723600006103515625e+01 1.578799355328082965e-01 4.130225694775581102e-01
9.223999786376953125e+01 8.724800109863281250e+01 1.544347475469112496e-01 4.146707177758217067e-01
9.243599700927734375e+01 8.732399749755859375e+01 1.496459357589483286e-01 4.249135479629039813e-01
9.254000091552734375e+01 8.733599853515625000e+01 1.485035594701767103e-01 4.188316746950149772e-01
9.222000122070312500e+01 8.723600006103515625e+01 1.540079167485237099e-01 4.207056981325149603e-01
9.255200195312500000e+01 8.745999908447265625e+01 1.464425567388534521e-01 4.388284284174442385e-01
9.230400085449218750e+01 8.733599853515625000e+01 1.505440512001514353e-01 4.176162893176078583e-01
9.240000152587890625e+01 8.742399597167968750e+01 1.491089078187942396e-01 4.304041004478931232e-01
9.209600067138671875e+01 8.733999633789062500e+01 1.540725188553333236e-01 4.134287782311439341e-01
9.250800323486328125e+01 8.715999603271484375e+01 1.477502073943614824e-01 4.276306716501712679e-01
9.249200439453125000e+01 8.705200195312500000e+01 1.480174600183963851e-01 4.295925955772399996e-01
9.258800506591796875e+01 8.740000152587890625e+01 1.459711124598979948e-01 4.250861362516880071e-01
9.243599700927734375e+01 8.737599945068359375e+01 1.475232520401477676e-01 4.370327820777892835e-01
9.265999603271484375e+01 8.728399658203125000e+01 1.461907084733247708e-01 4.232394790649414151e-01
9.283999633789062500e+01 8.716400146484375000e+01 1.438005558103322978e-01 4.373438892960548330e-01
9.259200286865234375e+01 8.738800048828125000e+01 1.458049504756927517e-01 4.389916857481002688e-01
9.225999450683593750e+01 8.736000061035156250e+01 1.499092733263969468e-01 4.332886715531349409e-01
9.248800659179687500e+01 8.726799774169921875e+01 1.460860270708799480e-01 4.351454083621502100e-01
9.260800170898437500e+01 8.718799591064453125e+01 1.454442899525165422e-01 4.220364442467689492e-01
9.281600189208984375e+01 8.709600067138671875e+01 1.424586269855499243e-01 4.393693675994873038e-01
9.236800384521484375e+01 8.727999877929687500e+01 1.483594401776790750e-01 4.408579398691654383e-01
9.268399810791015625e+01 8.717600250244140625e+01 1.428294548094272698e-01 4.282005359232425867e-01
9.259600067138671875e+01 8.723600006103515625e+01 1.437648339867591829e-01 4.394496368765831162e-01
9.266399383544921875e+01 8.720399475097656250e+01 1.432560839653015117e-01 4.353449666500091575e-01
9.267200469970703125e+01 8.695999908447265625e+01 1.446671642661094548e-01 4.383850801587104717e-01
9.229599761962890625e+01 8.727600097656250000e+01 1.448758294582366823e-01 4.551812185049057269e-01
9.263999938964843750e+01 8.725600433349609375e+01 1.392937669157982006e-01 4.622589058876037660e-01
9.275199890136718750e+01 8.728399658203125000e+01 1.411058175563812134e-01 4.381824871003627830e-01
9.262400054931640625e+01 8.729199981689453125e+01 1.394616543948650478e-01 4.452086274623870965e-01
9.270399475097656250e+01 8.731600189208984375e+01 1.415396413654088914e-01 4.565080478787422180e-01
9.269599914550781250e+01 8.731600189208984375e+01 1.417927187979221293e-01 4.749488444626331352e-01
9.277600097656250000e+01 8.727600097656250000e+01 1.408956918716430529e-01 4.637268480062484710e-01
9.267200469970703125e+01 8.733200073242187500e+01 1.423202456533908811e-01 4.627123334705829372e-01
9.284399414062500000e+01 8.723999786376953125e+01 1.376482737064361472e-01 4.629368705749511981e-01
9.273999786376953125e+01 8.725600433349609375e+01 1.402325098514556889e-01 4.579066451787948688e-01
9.253600311279296875e+01 8.705999755859375000e+01 1.417473842203617052e-01 4.311885572671890210e-01
9.314399719238281250e+01 8.727200317382812500e+01 1.371483981907367644e-01 4.667308411002158985e-01
9.281600189208984375e+01 8.719999694824218750e+01 1.372932181358337278e-01 4.514827560782432303e-01
9.286000061035156250e+01 8.713200378417968750e+01 1.367424213290214519e-01 4.633811322152614487e-01
9.284799957275390625e+01 8.729599761962890625e+01 1.362211092412471680e-01 4.631885443329811225e-01
9.283200073242187500e+01 8.718000030517578125e+01 1.388294474184512961e-01 4.620341643691062705e-01
9.250000000000000000e+01 8.725600433349609375e+01 1.420810878276825007e-01 4.712038547694682999e-01
