5.592000111937522888e+00 7.490000128746032715e+00 4.182334899902343750e+00 4.102740764617919922e+00
9.111999720335006714e+00 6.920000165700912476e+00 3.902325630187988281e+00 4.287639617919921875e+00
1.121599972248077393e+01 9.579999744892120361e+00 3.772892475128173828e+00 3.891681194305419922e+00
1.337800025939941406e+01 1.551000028848648071e+01 3.657705068588256836e+00 3.563250780105590820e+00
1.456599980592727661e+01 1.336999982595443726e+01 3.585747241973876953e+00 3.651568412780761719e+00
1.585399955511093140e+01 1.032999977469444275e+01 3.508222818374633789e+00 3.846293449401855469e+00
1.687400043010711670e+01 1.872999966144561768e+01 3.457726478576660156e+00 3.370200872421264648e+00
1.789799928665161133e+01 1.380999982357025146e+01 3.401598215103149414e+00 3.784680366516113281e+00
1.865399926900863647e+01 1.427000015974044800e+01 3.353764057159423828e+00 3.653625726699829102e+00
1.950599998235702515e+01 2.048999965190887451e+01 3.320640563964843750e+00 3.257555723190307617e+00
2.021999955177307129e+01 2.328999936580657959e+01 3.284409046173095703e+00 3.125790357589721680e+00
2.083200067281723022e+01 1.425999999046325684e+01 3.245806932449340820e+00 3.669489145278930664e+00
2.131199985742568970e+01 2.416999936103820801e+01 3.220037221908569336e+00 3.086474418640136719e+00
2.169799953699111938e+01 2.419999986886978149e+01 3.190325736999511719e+00 3.064646959304809570e+00
2.235800027847290039e+01 2.002000063657760620e+01 3.160149097442626953e+00 3.294638633728027344e+00
2.298599928617477417e+01 2.312999963760375977e+01 3.128292560577392578e+00 3.157469272613525391e+00
2.356600016355514526e+01 2.242999970912933350e+01 3.107819080352783203e+00 3.236484289169311523e+00
2.400799989700317383e+01 2.398000061511993408e+01 3.081661462783813477e+00 3.131655931472778320e+00
2.420399934053421021e+01 1.409000009298324585e+01 3.063560724258422852e+00 3.761936664581298828e+00
2.469400018453598022e+01 2.126999944448471069e+01 3.042755365371704102e+00 3.284037590026855469e+00
2.525199949741363525e+01 2.465000003576278687e+01 3.025529623031616211e+00 3.075096845626831055e+00
2.529999911785125732e+01 2.572999894618988037e+01 3.004255533218383789e+00 3.051567077636718750e+00
2.554599940776824951e+01 2.610000073909759521e+01 2.977441549301147461e+00 3.026730298995971680e+00
2.635200023651123047e+01 2.416999936103820801e+01 2.948291301727294922e+00 3.136028766632080078e+00
2.655400037765502930e+01 2.890999913215637207e+01 2.936852455139160156e+00 2.867470502853393555e+00
2.700999975204467773e+01 2.612999975681304932e+01 2.916463851928710938e+00 3.017593622207641602e+00
2.747600078582763672e+01 6.449999660253524780e+00 2.900936603546142578e+00 4.236100673675537109e+00
2.757799923419952393e+01 2.973000109195709229e+01 2.882334470748901367e+00 2.841978788375854492e+00
2.793599963188171387e+01 3.010999858379364014e+01 2.863840341567993164e+00 2.799166679382324219e+00
2.829400002956390381e+01 3.030999898910522461e+01 2.848776817321777344e+00 2.814495563507080078e+00
2.881399989128112793e+01 2.852999866008758545e+01 2.824766874313354492e+00 2.880468368530273438e+00
2.899200022220611572e+01 2.804999947547912598e+01 2.825274467468261719e+00 2.899334430694580078e+00
2.950400114059448242e+01 2.705000042915344238e+01 2.790227890014648438e+00 3.010486602783203125e+00
2.962799966335296631e+01 2.851999998092651367e+01 2.775754690170288086e+00 2.931441068649291992e+00
2.985399961471557617e+01 2.980999946594238281e+01 2.765563964843750000e+00 2.841701030731201172e+00
3.008199930191040039e+01 2.567999958992004395e+01 2.750530719757080078e+00 3.177699565887451172e+00
3.016999959945678711e+01 2.915000021457672119e+01 2.744415998458862305e+00 2.879628896713256836e+00
2.995800077915191650e+01 2.971999943256378174e+01 2.754073858261108398e+00 2.850470542907714844e+00
3.066599965095520020e+01 3.167000114917755127e+01 2.715919971466064453e+00 2.752194404602050781e+00
3.142200112342834473e+01 3.000000119209289551e+01 2.688340663909912109e+00 2.841744422912597656e+00
3.158200085163116455e+01 2.922999858856201172e+01 2.678397178649902344e+00 2.892849922180175781e+00
3.149600028991699219e+01 2.949999868869781494e+01 2.674454450607299805e+00 2.893101453781127930e+00
3.227399885654449463e+01 3.048000037670135498e+01 2.653623342514038086e+00 2.797181606292724609e+00
3.188999891281127930e+01 3.222000002861022949e+01 2.649380207061767578e+00 2.719851732254028320e+00
3.236599862575531006e+01 3.190999925136566162e+01 2.631898164749145508e+00 2.748747348785400391e+00
3.294799923896789551e+01 3.129999935626983643e+01 2.618384122848510742e+00 2.788440942764282227e+00
3.303000032901763916e+01 3.102000057697296143e+01 2.596787214279174805e+00 2.816862821578979492e+00
3.319399952888488770e+01 2.590000033378601074e+01 2.591249227523803711e+00 3.177503108978271484e+00
3.370999991893768311e+01 2.799000144004821777e+01 2.574827909469604492e+00 3.041459560394287109e+00
3.414799869060516357e+01 2.971000075340270996e+01 2.560787439346313477e+00 2.894388914108276367e+00
3.403399884700775146e+01 2.660999894142150879e+01 2.548728942871093750e+00 3.060183286666870117e+00
3.388600051403045654e+01 3.206999897956848145e+01 2.551116466522216797e+00 2.747858762741088867e+00
3.434199988842010498e+01 2.978000044822692871e+01 2.530872821807861328e+00 2.944369792938232422e+00
3.461999893188476562e+01 3.160000145435333252e+01 2.514089584350585938e+00 2.781148433685302734e+00
3.490999937057495117e+01 3.186999857425689697e+01 2.508832454681396484e+00 2.794559955596923828e+00
3.570199906826019287e+01 3.131000101566314697e+01 2.494081735610961914e+00 2.842950820922851562e+00
3.535799980163574219e+01 3.251000046730041504e+01 2.488270998001098633e+00 2.769935607910156250e+00
3.553799986839294434e+01 3.343000113964080811e+01 2.460964441299438477e+00 2.692899227142333984e+00
3.625600039958953857e+01 3.382999897003173828e+01 2.454380989074707031e+00 2.673322677612304688e+00
3.621000051498413086e+01 3.391999900341033936e+01 2.445086717605590820e+00 2.682529926300048828e+00
3.646599948406219482e+01 3.291000127792358398e+01 2.439062118530273438e+00 2.726812601089477539e+00
3.642799854278564453e+01 3.361999988555908203e+01 2.423245429992675781e+00 2.729656934738159180e+00
3.685800135135650635e+01 3.255000114440917969e+01 2.413264989852905273e+00 2.815104961395263672e+00
3.730599880218505859e+01 3.336000144481658936e+01 2.398905992507934570e+00 2.750320434570312500e+00
3.729200065135955811e+01 3.474999964237213135e+01 2.382763385772705078e+00 2.652878284454345703e+00
3.761599957942962646e+01 3.064000010490417480e+01 2.375573396682739258e+00 2.975487470626831055e+00
3.756600022315979004e+01 3.443999886512756348e+01 2.373316287994384766e+00 2.671192884445190430e+00
3.811399936676025391e+01 3.328000009059906006e+01 2.353415966033935547e+00 2.806031465530395508e+00
3.807800114154815674e+01 3.321999907493591309e+01 2.346735477447509766e+00 2.782312154769897461e+00
3.819600045680999756e+01 3.476000130176544189e+01 2.332912921905517578e+00 2.678497791290283203e+00
3.876799941062927246e+01 3.323999941349029541e+01 2.326413393020629883e+00 2.818035364151000977e+00
3.901999890804290771e+01 3.445999920368194580e+01 2.316984176635742188e+00 2.661524534225463867e+00
3.888399899005889893e+01 3.589000105857849121e+01 2.311605215072631836e+00 2.624217748641967773e+00
3.929400146007537842e+01 2.964000105857849121e+01 2.299613952636718750e+00 3.072383642196655273e+00
3.948599994182586670e+01 3.420999944210052490e+01 2.292285680770874023e+00 2.719675302505493164e+00
3.957000076770782471e+01 3.292999863624572754e+01 2.278176069259643555e+00 2.847038030624389648e+00
3.964599967002868652e+01 3.149000108242034912e+01 2.275033950805664062e+00 2.942996025085449219e+00
4.032799899578094482e+01 3.343000113964080811e+01 2.252076387405395508e+00 2.769180774688720703e+00
3.991799950599670410e+01 3.528000116348266602e+01 2.246226310729980469e+00 2.717307329177856445e+00
4.056400060653686523e+01 3.503000140190124512e+01 2.234157085418701172e+00 2.802569389343261719e+00
4.083600044250488281e+01 3.578000068664550781e+01 2.230413198471069336e+00 2.695655584335327148e+00
4.090600013732910156e+01 3.562999963760375977e+01 2.216523408889770508e+00 2.687090158462524414e+00
4.109199941158294678e+01 3.474999964237213135e+01 2.214085578918457031e+00 2.709585428237915039e+00
4.087800085544586182e+01 3.673000037670135498e+01 2.209029674530029297e+00 2.596648216247558594e+00
4.135800004005432129e+01 3.513000011444091797e+01 2.189617633819580078e+00 2.682815313339233398e+00
4.175800085067749023e+01 3.558999896049499512e+01 2.177500247955322266e+00 2.684192895889282227e+00
4.163999855518341064e+01 3.522000014781951904e+01 2.179860830307006836e+00 2.724431753158569336e+00
4.199799895286560059e+01 3.591000139713287354e+01 2.163797616958618164e+00 2.697373151779174805e+00
4.219399988651275635e+01 3.560999929904937744e+01 2.168139219284057617e+00 2.699240922927856445e+00
4.232999980449676514e+01 3.091000020503997803e+01 2.149942874908447266e+00 3.042669534683227539e+00
4.231800138950347900e+01 3.255000114440917969e+01 2.134291648864746094e+00 2.970045089721679688e+00
4.235199987888336182e+01 3.801000118255615234e+01 2.136873722076416016e+00 2.595412015914916992e+00
4.280799925327301025e+01 3.635999858379364014e+01 2.130367279052734375e+00 2.652943134307861328e+00
4.281800091266632080e+01 3.634999990463256836e+01 2.112855672836303711e+00 2.675882577896118164e+00
4.276799857616424561e+01 3.508000075817108154e+01 2.112148046493530273e+00 2.766006946563720703e+00
4.330999851226806641e+01 3.707000017166137695e+01 2.098850250244140625e+00 2.647178888320922852e+00
4.354200065135955811e+01 3.677000105381011963e+01 2.091807842254638672e+00 2.715446949005126953e+00
4.368599951267242432e+01 3.697000145912170410e+01 2.091768741607666016e+00 2.702574729919433594e+00
4.382199943065643311e+01 3.709000051021575928e+01 2.074932098388671875e+00 2.663639068603515625e+00
4.399400055408477783e+01 3.621000051498413086e+01 2.068736791610717773e+00 2.757227897644042969e+00
