5.227599716186523438e+01 5.694400024414062500e+01 1.214458441257476817e+00 7.347401447296142418e-01
5.446400070190429688e+01 5.788800048828125000e+01 8.439574098587036000e-01 6.987229120731354159e-01
5.731999969482421875e+01 6.325200271606445312e+01 7.281537733078002894e-01 6.986792752742767565e-01
5.911199951171875000e+01 6.487200164794921875e+01 6.991761410236358998e-01 6.989092874526977583e-01
6.127999877929687500e+01 6.811199951171875000e+01 6.862409021854400937e-01 6.878298156261444252e-01
6.234800338745117188e+01 6.921600341796875000e+01 6.760234031677245792e-01 6.747619280815124743e-01
6.432800292968750000e+01 6.986000061035156250e+01 6.667224545478820374e-01 6.681784431934356672e-01
6.552799987792968750e+01 7.097599792480468750e+01 6.589108688831328831e-01 6.597033758163451944e-01
6.643599700927734375e+01 7.260800170898437500e+01 6.526660382747649924e-01 6.494812548160553423e-01
6.724800109863281250e+01 7.264400482177734375e+01 6.463235478401183620e-01 6.436564717292785343e-01
6.848799896240234375e+01 7.379999542236328125e+01 6.377952833175659642e-01 6.345561611652373868e-01
6.907600402832031250e+01 7.361599731445312500e+01 6.341831235885619922e-01 6.333170197010040692e-01
7.018000030517578125e+01 7.522000122070312500e+01 6.263906147480010622e-01 6.210117747783661102e-01
7.111199951171875000e+01 7.583200073242187500e+01 6.203329620361328622e-01 6.124513196945190474e-01
7.176799774169921875e+01 7.648000335693359375e+01 6.126143572330474685e-01 6.060706987380981570e-01
7.225599670410156250e+01 7.722399902343750000e+01 6.087656998634338734e-01 5.965780868530273784e-01
7.307599639892578125e+01 7.741600036621093750e+01 5.996651606559753045e-01 5.917543687820434606e-01
7.348400115966796875e+01 7.764800262451171875e+01 5.970170121192932555e-01 5.839451684951781907e-01
7.401999664306640625e+01 7.774400329589843750e+01 5.877153253555298384e-01 5.816071174144744615e-01
7.439200592041015625e+01 7.839599609375000000e+01 5.837251303195953867e-01 5.738071892261504825e-01
7.489600372314453125e+01 7.881199645996093750e+01 5.777828822135925302e-01 5.662861129045486663e-01
7.556399536132812500e+01 7.963600158691406250e+01 5.739355652332306379e-01 5.557536671161651398e-01
7.624800109863281250e+01 7.994400024414062500e+01 5.645781440734862766e-01 5.508315609693527071e-01
7.663600158691406250e+01 8.010800170898437500e+01 5.601186943054199396e-01 5.486158825159073160e-01
7.674800109863281250e+01 8.001200103759765625e+01 5.577418497800826769e-01 5.432016639709472683e-01
7.724800109863281250e+01 8.007199859619140625e+01 5.495077937841414961e-01 5.390178017616271688e-01
7.744000244140625000e+01 8.029599761962890625e+01 5.460985161066055360e-01 5.334011449813842454e-01
7.811199951171875000e+01 8.050000000000000000e+01 5.397159862518310369e-01 5.310111988782882930e-01
7.831999969482421875e+01 8.089200592041015625e+01 5.353255397081375655e-01 5.208900665044784439e-01
7.854400634765625000e+01 8.095600128173828125e+01 5.305539479255676483e-01 5.165798957347870202e-01
7.931999969482421875e+01 8.043599700927734375e+01 5.236781058311462678e-01 5.174853463172912615e-01
7.956399536132812500e+01 8.132799530029296875e+01 5.198254950046539147e-01 5.071923542022704900e-01
7.944800567626953125e+01 8.210800170898437500e+01 5.187094950675964489e-01 4.983739783763885267e-01
8.008399963378906250e+01 8.145999908447265625e+01 5.116036465167999037e-01 5.020196487903595406e-01
8.048400115966796875e+01 8.237599945068359375e+01 5.080212808847427430e-01 4.931987570524215547e-01
8.067600250244140625e+01 8.227199554443359375e+01 5.022936235666275451e-01 4.911778148412704326e-01
8.068399810791015625e+01 8.219200134277343750e+01 4.990731012821197354e-01 4.865736507177352843e-01
8.105599975585937500e+01 8.244400024414062500e+01 4.944091784954071089e-01 4.810831534862518577e-01
8.142399597167968750e+01 8.226399993896484375e+01 4.922115457057952836e-01 4.829993495941162229e-01
8.150000000000000000e+01 8.276399993896484375e+01 4.884866154193878152e-01 4.758442295789718779e-01
8.220400238037109375e+01 8.259199523925781250e+01 4.804118642807007067e-01 4.775817065238952552e-01
8.213999938964843750e+01 8.330000305175781250e+01 4.774397680759430163e-01 4.676032780408859169e-01
8.239600372314453125e+01 8.322799682617187500e+01 4.760988211631774769e-01 4.646311848163604541e-01
8.291600036621093750e+01 8.280000305175781250e+01 4.694854066371917933e-01 4.694794459342956361e-01
8.254799652099609375e+01 8.336000061035156250e+01 4.696187063455581900e-01 4.619054490327835216e-01
8.274800109863281250e+01 8.296800231933593750e+01 4.658012713193893650e-01 4.610901035070419374e-01
8.327199554443359375e+01 8.308399963378906250e+01 4.588557491302490132e-01 4.622540479898452626e-01
8.330799865722656250e+01 8.355599975585937500e+01 4.564563162326812917e-01 4.560996485948562440e-01
8.341600036621093750e+01 8.330799865722656250e+01 4.537288527488708700e-01 4.546187654733657713e-01
8.394799804687500000e+01 8.358399963378906250e+01 4.500910484790802135e-01 4.537642849683761748e-01
8.405599975585937500e+01 8.310800170898437500e+01 4.473214648962021145e-01 4.527595752477646118e-01
8.426000213623046875e+01 8.329199981689453125e+01 4.435191445350646910e-01 4.488599042892456037e-01
8.447200012207031250e+01 8.369200134277343750e+01 4.390389919281005859e-01 4.460936813354492436e-01
8.426000213623046875e+01 8.358000183105468750e+01 4.394331905841827313e-01 4.440816717147826886e-01
8.446400451660156250e+01 8.378400421142578125e+01 4.384585834741592247e-01 4.410056500434875737e-01
8.499600219726562500e+01 8.359600067138671875e+01 4.311554164886474694e-01 4.430563435554504270e-01
8.481600189208984375e+01 8.381599426269531250e+01 4.299762395620346234e-01 4.423449032306671080e-01
8.503599548339843750e+01 8.398400115966796875e+01 4.283764199018478269e-01 4.397959986925125131e-01
8.512799835205078125e+01 8.368800354003906250e+01 4.246885595321655549e-01 4.385618277788162489e-01
8.529199981689453125e+01 8.441999816894531250e+01 4.208068684339523191e-01 4.349873327016830493e-01
8.512799835205078125e+01 8.395199584960937500e+01 4.217930074930191231e-01 4.361526572704315097e-01
8.560800170898437500e+01 8.395999908447265625e+01 4.154287204742431738e-01 4.353737680912017627e-01
8.564399719238281250e+01 8.412400054931640625e+01 4.147418553829193000e-01 4.321413748264312793e-01
8.557999420166015625e+01 8.386000061035156250e+01 4.129341309070587163e-01 4.363651667833328140e-01
8.589199829101562500e+01 8.411199951171875000e+01 4.091462955474853280e-01 4.325587714910507087e-01
8.574400329589843750e+01 8.385199737548828125e+01 4.092415412664413554e-01 4.323177794218063252e-01
8.601999664306640625e+01 8.445199584960937500e+01 4.070623052120208585e-01 4.280419641733169689e-01
8.623999786376953125e+01 8.400800323486328125e+01 4.043984303474426056e-01 4.287702217102050684e-01
8.586399841308593750e+01 8.371599578857421875e+01 4.060027942657470912e-01 4.297283809185027947e-01
8.646399688720703125e+01 8.402000427246093750e+01 3.998342647552490248e-01 4.296601369380950719e-01
8.626800537109375000e+01 8.434799957275390625e+01 4.003133387565612766e-01 4.254205963611602526e-01
8.627600097656250000e+01 8.453199768066406250e+01 3.970779678821563796e-01 4.263412580490112402e-01
8.615599822998046875e+01 8.419200134277343750e+01 3.990526995658874587e-01 4.246091066598892128e-01
8.653200531005859375e+01 8.440000152587890625e+01 3.937010861635207859e-01 4.244284926652908130e-01
8.698799896240234375e+01 8.359199523925781250e+01 3.891655260324478061e-01 4.274729422330856288e-01
8.683200073242187500e+01 8.448400115966796875e+01 3.898576370477676578e-01 4.205083894729614302e-01
8.676799774169921875e+01 8.413199615478515625e+01 3.884357318878173815e-01 4.219797874689102390e-01
8.678800201416015625e+01 8.454399871826171875e+01 3.850403695106506263e-01 4.206275907754898347e-01
8.723600006103515625e+01 8.393599700927734375e+01 3.844134185314178609e-01 4.234116755723953407e-01
8.708799743652343750e+01 8.432800292968750000e+01 3.816586307287216373e-01 4.197051104307174541e-01
8.760399627685546875e+01 8.398400115966796875e+01 3.790499393939971706e-01 4.218708634376525657e-01
8.753200531005859375e+01 8.470400238037109375e+01 3.754260903596878252e-01 4.201446864604950204e-01
8.722799682617187500e+01 8.458799743652343750e+01 3.802611750364303655e-01 4.191456583738327191e-01
8.745200347900390625e+01 8.452799987792968750e+01 3.755903009176254082e-01 4.194655265808105438e-01
8.769599914550781250e+01 8.444799804687500000e+01 3.725471143722534073e-01 4.192084895372390485e-01
8.783599853515625000e+01 8.470400238037109375e+01 3.720865699052810505e-01 4.182764544486999303e-01
8.741999816894531250e+01 8.423999786376953125e+01 3.731720646619796633e-01 4.188297443389892849e-01
8.807600402832031250e+01 8.446400451660156250e+01 3.663565021753311113e-01 4.177436745166778764e-01
8.752799987792968750e+01 8.476799774169921875e+01 3.709319696426391366e-01 4.160676274299621724e-01
8.806800079345703125e+01 8.442400360107421875e+01 3.672250819206237527e-01 4.171954262256622470e-01
8.792799377441406250e+01 8.482800292968750000e+01 3.670470744371414074e-01 4.157553118467330888e-01
8.822399902343750000e+01 8.437999725341796875e+01 3.638264700174331789e-01 4.170537456274032717e-01
8.827200317382812500e+01 8.463199615478515625e+01 3.605806105136871165e-01 4.175279184579849256e-01
8.832399749755859375e+01 8.421599578857421875e+01 3.590284579992294445e-01 4.164376242160797159e-01
8.849199676513671875e+01 8.454399871826171875e+01 3.553626468181609876e-01 4.154966456890106241e-01
8.850000000000000000e+01 8.447599792480468750e+01 3.565383527278900289e-01 4.151455730199813954e-01
8.883200073242187500e+01 8.460800170898437500e+01 3.526851636171340898e-01 4.152893193960189855e-01
8.834400177001953125e+01 8.441999816894531250e+01 3.554492392539977952e-01 4.166693695783615370e-01
8.820000457763671875e+01 8.423600006103515625e+01 3.543403253555297838e-01 4.153594833612441750e-01
8.819200134277343750e+01 8.458000183105468750e+01 3.563951396942138805e-01 4.156622650623321702e-01
8.823999786376953125e+01 8.484799957275390625e+01 3.566959366798400644e-01 4.142497512102126800e-01
8.840399932861328125e+01 8.437599945068359375e+01 3.528687241077422820e-01 4.178140697479247878e-01
8.836799621582031250e+01 8.446400451660156250e+01 3.524288394451141615e-01 4.149587035179138073e-01
8.850799560546875000e+01 8.458399963378906250e+01 3.487042281031608737e-01 4.156794857978820534e-01
8.867199707031250000e+01 8.523200225830078125e+01 3.466157397031783827e-01 4.153494739532470614e-01
8.902000427246093750e+01 8.444799804687500000e+01 3.438647273778915325e-01 4.146065680980682289e-01
8.859999847412109375e+01 8.477200317382812500e+01 3.484437837600707910e-01 4.140016582012176483e-01
8.894400024414062500e+01 8.482400512695312500e+01 3.433929274082183625e-01 4.139644452333450242e-01
8.873999786376953125e+01 8.475199890136718750e+01 3.450517715215682957e-01 4.172220383882522809e-01
8.880799865722656250e+01 8.437599945068359375e+01 3.438854156732559231e-01 4.145020647048950346e-01
8.927600097656250000e+01 8.457199859619140625e+01 3.374392226934432859e-01 4.129840732812881665e-01
8.927600097656250000e+01 8.440000152587890625e+01 3.395582185983657686e-01 4.150979408025741724e-01
8.944400024414062500e+01 8.470400238037109375e+01 3.355579761266708205e-01 4.123749474287032868e-01
8.917600250244140625e+01 8.477200317382812500e+01 3.358252967596054295e-01 4.136478309631347883e-01
8.939599609375000000e+01 8.486000061035156250e+01 3.364589333534240834e-01 4.142468025684356570e-01
8.896399688720703125e+01 8.439599609375000000e+01 3.395207225084304614e-01 4.136765948534011916e-01
8.944000244140625000e+01 8.485199737548828125e+01 3.346660757064819358e-01 4.118015873432159246e-01
8.952799987792968750e+01 8.442400360107421875e+01 3.320408182144164999e-01 4.139264019727706967e-01
8.915599822998046875e+01 8.469200134277343750e+01 3.342435649037361345e-01 4.127142535448074523e-01
8.962400054931640625e+01 8.478800201416015625e+01 3.278845686912536528e-01 4.141219439506530486e-01
8.933200073242187500e+01 8.430000305175781250e+01 3.345088641643524374e-01 4.145552215576172039e-01
8.975599670410156250e+01 8.495600128173828125e+01 3.263718596100806946e-01 4.130081956386565945e-01
8.963600158691406250e+01 8.481199645996093750e+01 3.292597738504409732e-01 4.157129901647567682e-01
8.938000488281250000e+01 8.501999664306640625e+01 3.291692461371421574e-01 4.145174669027328340e-01
8.952799987792968750e+01 8.453199768066406250e+01 3.277639569640159456e-01 4.128584469556808578e-01
8.969599914550781250e+01 8.488800048828125000e+01 3.250666275024414187e-01 4.168935853242874412e-01
8.973600006103515625e+01 8.481199645996093750e+01 3.251836555600166045e-01 4.150678950548172264e-01
8.962799835205078125e+01 8.497599792480468750e+01 3.273330681324005398e-01 4.176314895153045437e-01
8.991199493408203125e+01 8.473999786376953125e+01 3.234717229604721078e-01 4.132719621658325071e-01
8.969599914550781250e+01 8.477200317382812500e+01 3.230158172845840614e-01 4.150521100759506088e-01
8.956800079345703125e+01 8.439599609375000000e+01 3.243285344243049817e-01 4.133777294158935689e-01
8.987599945068359375e+01 8.482400512695312500e+01 3.229037240743636850e-01 4.162386039495468149e-01
8.994000244140625000e+01 8.469599914550781250e+01 3.213213317990303297e-01 4.143009823560714899e-01
8.995599365234375000e+01 8.458399963378906250e+01 3.222536746859550605e-01 4.135416138172149925e-01
9.009199523925781250e+01 8.464800262451171875e+01 3.203310402035713378e-01 4.129471446275710944e-01
9.000399780273437500e+01 8.487999725341796875e+01 3.190403546094894294e-01 4.130818500518798619e-01
8.960000610351562500e+01 8.463199615478515625e+01 3.227063536047935499e-01 4.143420674800872838e-01
8.996800231933593750e+01 8.499600219726562500e+01 3.171265249848365664e-01 4.135511448383331068e-01
9.004799652099609375e+01 8.477600097656250000e+01 3.162823946475982750e-01 4.123786138296127168e-01
8.984000396728515625e+01 8.455999755859375000e+01 3.186195784211158788e-01 4.144353436231613119e-01
8.986000061035156250e+01 8.470800018310546875e+01 3.188052482604980531e-01 4.171105964183807191e-01
9.018000030517578125e+01 8.469599914550781250e+01 3.151132320761680372e-01 4.147981625795364446e-01
9.002000427246093750e+01 8.447999572753906250e+01 3.151846505403518850e-01 4.115570387840271072e-01
8.986399841308593750e+01 8.493599700927734375e+01 3.181298698186874607e-01 4.135429012775421187e-01
9.024400329589843750e+01 8.477600097656250000e+01 3.146293351650237824e-01 4.136641279458999620e-01
9.023200225830078125e+01 8.458799743652343750e+01 3.125898256301880007e-01 4.114881359338760647e-01
9.035199737548828125e+01 8.484799957275390625e+01 3.090785470008849956e-01 4.140941348075866668e-01
9.008000183105468750e+01 8.456400299072265625e+01 3.114291018247604126e-01 4.162935162782668841e-01
9.050800323486328125e+01 8.474400329589843750e+01 3.099405277967453021e-01 4.114396020174026503e-01
9.055599975585937500e+01 8.438400268554687500e+01 3.074493578076362699e-01 4.127812162637710669e-01
9.029199981689453125e+01 8.440399932861328125e+01 3.087321273684501821e-01 4.119452846050262185e-01
9.063599395751953125e+01 8.405200195312500000e+01 3.067262142896652333e-01 4.135888179540634368e-01
9.088800048828125000e+01 8.432800292968750000e+01 3.023673686981201425e-01 4.139605425596237231e-01
9.027999877929687500e+01 8.469200134277343750e+01 3.093324569463730134e-01 4.158837355375289979e-01
9.049199676513671875e+01 8.444000244140625000e+01 3.043384328484535217e-01 4.129500315189361670e-01
9.050000000000000000e+01 8.426799774169921875e+01 3.056053273081779653e-01 4.127528569698333816e-01
9.031999969482421875e+01 8.506400299072265625e+01 3.084376357793808254e-01 4.183184102773666591e-01
9.076799774169921875e+01 8.450400543212890625e+01 3.000992032885551608e-01 4.150392199158668416e-01
9.053599548339843750e+01 8.467599487304687500e+01 3.052562093734741411e-01 4.149450887441635261e-01
9.077999877929687500e+01 8.473999786376953125e+01 3.014715139865875027e-01 4.162779931426048297e-01
9.080000305175781250e+01 8.450400543212890625e+01 3.016862550973892221e-01 4.144986860752105651e-01
9.066000366210937500e+01 8.471199798583984375e+01 3.016179522871971219e-01 4.178111603260040163e-01
9.063199615478515625e+01 8.416000366210937500e+01 3.020433086752891683e-01 4.174825720787048167e-01
9.068800354003906250e+01 8.451200103759765625e+01 3.005879481434822198e-01 4.155732612609863152e-01
9.058799743652343750e+01 8.422799682617187500e+01 3.032512324452399932e-01 4.151235570907592654e-01
9.084799957275390625e+01 8.469599914550781250e+01 2.989814328551292366e-01 4.150725742578506572e-01
9.100800323486328125e+01 8.461999511718750000e+01 2.956146044731139955e-01 4.167924798727035696e-01
9.078800201416015625e+01 8.448400115966796875e+01 3.001022307276725587e-01 4.142481355071067628e-01
9.082800292968750000e+01 8.458799743652343750e+01 3.001134550571441517e-01 4.151650477051734844e-01
9.080000305175781250e+01 8.489599609375000000e+01 2.971487187743186986e-01 4.176224210262298731e-01
9.113199615478515625e+01 8.440000152587890625e+01 2.948978732824325544e-01 4.151096531152725366e-01
9.088800048828125000e+01 8.488800048828125000e+01 2.976589401960372805e-01 4.174093999862670823e-01
9.121599578857421875e+01 8.474800109863281250e+01 2.929721159338951053e-01 4.165840122699737691e-01
9.084799957275390625e+01 8.459999847412109375e+01 2.956414032578468243e-01 4.154691854715347188e-01
9.097200012207031250e+01 8.493999481201171875e+01 2.950862843394279622e-01 4.184760502576828078e-01
9.080000305175781250e+01 8.451999664306640625e+01 2.965226111412048171e-01 4.177447110414505005e-01
9.092800140380859375e+01 8.471199798583984375e+01 2.944572841525077700e-01 4.172674490213394427e-01
9.119200134277343750e+01 8.505599975585937500e+01 2.914605006575584634e-01 4.254220207929610975e-01
9.046400451660156250e+01 8.490800476074218750e+01 2.991196649670601060e-01 4.174378951787948711e-01
9.096400451660156250e+01 8.474800109863281250e+01 2.907415832281112777e-01 4.144813182353973557e-01
9.090399932861328125e+01 8.496400451660156250e+01 2.918829168081283343e-01 4.167857884168624794e-01
9.108000183105468750e+01 8.459999847412109375e+01 2.929264994859695492e-01 4.165065909028053404e-01
9.101999664306640625e+01 8.486400604248046875e+01 2.922118097543716653e-01 4.174861183166503897e-01
9.136000061035156250e+01 8.466799926757812500e+01 2.874923399090766885e-01 4.155387586355209217e-01
9.109999847412109375e+01 8.479999542236328125e+01 2.900808122754097162e-01 4.148973684906959725e-01
9.102400207519531250e+01 8.470800018310546875e+01 2.910795007944106949e-01 4.139727721810340655e-01
9.124800109863281250e+01 8.465999603271484375e+01 2.892098107337951474e-01 4.171909801959991504e-01
9.099599456787109375e+01 8.455599975585937500e+01 2.900643869042396350e-01 4.142297092080116094e-01
9.140800476074218750e+01 8.454800415039062500e+01 2.850371150970458789e-01 4.163250057697296391e-01
9.136399841308593750e+01 8.486000061035156250e+01 2.868222761750221506e-01 4.192411788105964709e-01
9.143599700927734375e+01 8.481600189208984375e+01 2.864560940861701765e-01 4.162514247894287256e-01
9.137599945068359375e+01 8.470400238037109375e+01 2.844835894703864887e-01 4.144036203622817882e-01
9.108399963378906250e+01 8.494400024414062500e+01 2.877021068334579268e-01 4.157404061555862174e-01
9.134400177001953125e+01 8.464400482177734375e+01 2.851960316300392040e-01 4.150986387729644900e-01
9.137999725341796875e+01 8.471599578857421875e+01 2.829089773893356252e-01 4.172995336055755344e-01
9.112799835205078125e+01 8.472000122070312500e+01 2.849949229955673347e-01 4.159243485927581752e-01
9.148799896240234375e+01 8.456400299072265625e+01 2.830470972061157053e-01 4.166089429855346915e-01
9.147200012207031250e+01 8.483599853515625000e+01 2.825979338884353487e-01 4.170204547643661663e-01
9.151599884033203125e+01 8.470400238037109375e+01 2.806917644143104296e-01 4.161313382387161197e-01
9.156400299072265625e+01 8.478400421142578125e+01 2.814039890766144025e-01 4.177466006875037996e-01
