5.025600194931030273e+01 5.061200261116027832e+01 6.931609511375427246e-01 6.930834650993347168e-01
4.978399872779846191e+01 5.091199874877929688e+01 6.933435797691345215e-01 6.930455565452575684e-01
4.989599883556365967e+01 5.079600214958190918e+01 6.931636929512023926e-01 6.930328011512756348e-01
5.001599788665771484e+01 5.077999830245971680e+01 6.932421922683715820e-01 6.930128335952758789e-01
5.079600214958190918e+01 5.111600160598754883e+01 6.929371953010559082e-01 6.929634213447570801e-01
5.017200112342834473e+01 5.121999979019165039e+01 6.932027339935302734e-01 6.929346919059753418e-01
5.077599883079528809e+01 5.138000249862670898e+01 6.929007172584533691e-01 6.928959488868713379e-01
5.091999769210815430e+01 5.142400264739990234e+01 6.929545402526855469e-01 6.928799748420715332e-01
5.123599767684936523e+01 5.152400135993957520e+01 6.927855610847473145e-01 6.928253769874572754e-01
5.111600160598754883e+01 5.149599909782409668e+01 6.928884983062744141e-01 6.928144693374633789e-01
5.125200152397155762e+01 5.177599787712097168e+01 6.927596330642700195e-01 6.927509903907775879e-01
5.195199847221374512e+01 5.119199752807617188e+01 6.925978064537048340e-01 6.927547454833984375e-01
5.185199975967407227e+01 5.109999775886535645e+01 6.926154494285583496e-01 6.927177309989929199e-01
5.155599713325500488e+01 5.161600112915039062e+01 6.925497055053710938e-01 6.926335096359252930e-01
5.234400033950805664e+01 5.260000228881835938e+01 6.922983527183532715e-01 6.925123929977416992e-01
5.194399952888488770e+01 5.294799804687500000e+01 6.925092935562133789e-01 6.924222111701965332e-01
5.215600132942199707e+01 5.283600091934204102e+01 6.923059225082397461e-01 6.923742890357971191e-01
5.224800109863281250e+01 5.335199832916259766e+01 6.920833587646484375e-01 6.922545433044433594e-01
5.237200260162353516e+01 5.340399742126464844e+01 6.921298503875732422e-01 6.921766996383666992e-01
5.299999713897705078e+01 5.401600003242492676e+01 6.918007731437683105e-01 6.920315027236938477e-01
5.306000113487243652e+01 5.425199866294860840e+01 6.915562748908996582e-01 6.918839812278747559e-01
5.310400128364562988e+01 5.432000160217285156e+01 6.916013360023498535e-01 6.917909383773803711e-01
5.286800265312194824e+01 5.499600172042846680e+01 6.914608478546142578e-01 6.915928721427917480e-01
5.364400148391723633e+01 5.324400067329406738e+01 6.911252140998840332e-01 6.913821101188659668e-01
5.392799973487854004e+01 5.332000255584716797e+01 6.909006834030151367e-01 6.911671161651611328e-01
5.365200042724609375e+01 5.576800107955932617e+01 6.907972097396850586e-01 6.908929944038391113e-01
5.400000214576721191e+01 5.588399767875671387e+01 6.906597614288330078e-01 6.907469630241394043e-01
5.500000119209289551e+01 5.594800114631652832e+01 6.900683045387268066e-01 6.904304027557373047e-01
5.467200279235839844e+01 5.274800062179565430e+01 6.898866295814514160e-01 6.903255581855773926e-01
5.511599779129028320e+01 5.871199965476989746e+01 6.894327998161315918e-01 6.894476413726806641e-01
5.549600124359130859e+01 5.867999792098999023e+01 6.886608600616455078e-01 6.889560222625732422e-01
5.602800250053405762e+01 5.669599771499633789e+01 6.878876686096191406e-01 6.884841322898864746e-01
5.671600103378295898e+01 5.974799990653991699e+01 6.874504089355468750e-01 6.874398589134216309e-01
5.685600042343139648e+01 6.118000149726867676e+01 6.865161061286926270e-01 6.862153410911560059e-01
5.786799788475036621e+01 5.184000134468078613e+01 6.852145195007324219e-01 6.871165633201599121e-01
5.858799815177917480e+01 6.078799962997436523e+01 6.839597821235656738e-01 6.835519671440124512e-01
5.924000144004821777e+01 6.245599985122680664e+01 6.818653941154479980e-01 6.811453104019165039e-01
5.946000218391418457e+01 6.240000128746032715e+01 6.793525815010070801e-01 6.782863140106201172e-01
6.058800220489501953e+01 6.251599788665771484e+01 6.761788129806518555e-01 6.746857166290283203e-01
6.141999959945678711e+01 5.961999893188476562e+01 6.723406314849853516e-01 6.730514764785766602e-01
6.176400184631347656e+01 6.346799731254577637e+01 6.677710413932800293e-01 6.640582680702209473e-01
6.307200193405151367e+01 6.186000108718872070e+01 6.607685685157775879e-01 6.601909995079040527e-01
6.380400061607360840e+01 6.444799900054931641e+01 6.525331139564514160e-01 6.486460566520690918e-01
6.462399959564208984e+01 6.650400161743164062e+01 6.434586048126220703e-01 6.350558996200561523e-01
6.579999923706054688e+01 6.549599766731262207e+01 6.305841207504272461e-01 6.283450126647949219e-01
6.710000038146972656e+01 6.100400090217590332e+01 6.168545484542846680e-01 6.460892558097839355e-01
6.848800182342529297e+01 6.792399883270263672e+01 6.014031171798706055e-01 5.984271764755249023e-01
6.970400214195251465e+01 7.123600244522094727e+01 5.860390067100524902e-01 5.715740919113159180e-01
7.112799882888793945e+01 7.278000116348266602e+01 5.708814859390258789e-01 5.537476539611816406e-01
7.206000089645385742e+01 7.005199790000915527e+01 5.526139736175537109e-01 5.630937218666076660e-01
7.312399744987487793e+01 7.350400090217590332e+01 5.360999703407287598e-01 5.283166766166687012e-01
7.473199963569641113e+01 7.031599879264831543e+01 5.195276141166687012e-01 5.535074472427368164e-01
7.566800117492675781e+01 7.821199893951416016e+01 5.018138289451599121e-01 4.777383208274841309e-01
7.640399932861328125e+01 7.498800158500671387e+01 4.882525801658630371e-01 4.967864155769348145e-01
7.722399830818176270e+01 7.887200117111206055e+01 4.766392707824707031e-01 4.578621983528137207e-01
7.832800149917602539e+01 7.836400270462036133e+01 4.622336030006408691e-01 4.627822637557983398e-01
7.897599935531616211e+01 7.082399725914001465e+01 4.521541297435760498e-01 5.581073164939880371e-01
7.921199798583984375e+01 7.662400007247924805e+01 4.448930323123931885e-01 4.730012118816375732e-01
7.940800189971923828e+01 7.923600077629089355e+01 4.379485547542572021e-01 4.366424679756164551e-01
8.023999929428100586e+01 8.148800134658813477e+01 4.252281785011291504e-01 4.103050827980041504e-01
8.024799823760986328e+01 7.899600267410278320e+01 4.210413694381713867e-01 4.381831288337707520e-01
8.109200000762939453e+01 8.176000118255615234e+01 4.106145799160003662e-01 4.012239575386047363e-01
8.137999773025512695e+01 6.963199973106384277e+01 4.089002609252929688e-01 6.105001568794250488e-01
8.180400133132934570e+01 8.229200243949890137e+01 4.019671380519866943e-01 3.913944959640502930e-01
8.196799755096435547e+01 7.918800115585327148e+01 3.943106532096862793e-01 4.392377734184265137e-01
8.244799971580505371e+01 7.984799742698669434e+01 3.913299739360809326e-01 4.270213544368743896e-01
8.245199918746948242e+01 7.872400283813476562e+01 3.841178119182586670e-01 4.472926855087280273e-01
8.306400179862976074e+01 8.319200277328491211e+01 3.770093023777008057e-01 3.751262426376342773e-01
8.317199945449829102e+01 8.249999880790710449e+01 3.744547367095947266e-01 3.846102058887481689e-01
8.342800140380859375e+01 7.928000092506408691e+01 3.697128891944885254e-01 4.393255710601806641e-01
8.375599980354309082e+01 8.322399854660034180e+01 3.655498027801513672e-01 3.705343306064605713e-01
8.398000001907348633e+01 8.250399827957153320e+01 3.630346953868865967e-01 3.833811581134796143e-01
8.397200107574462891e+01 8.080400228500366211e+01 3.591983914375305176e-01 4.188296198844909668e-01
8.442800045013427734e+01 8.404800295829772949e+01 3.539667725563049316e-01 3.575678467750549316e-01
8.448799848556518555e+01 8.004800081253051758e+01 3.515617549419403076e-01 4.344346523284912109e-01
8.463600277900695801e+01 8.437600135803222656e+01 3.465396761894226074e-01 3.531356751918792725e-01
8.497200012207031250e+01 8.234000205993652344e+01 3.432971537113189697e-01 3.855578005313873291e-01
8.493199944496154785e+01 8.230000138282775879e+01 3.434017300605773926e-01 3.889991343021392822e-01
8.529999852180480957e+01 8.173599839210510254e+01 3.356516361236572266e-01 4.010663032531738281e-01
8.535199761390686035e+01 8.457999825477600098e+01 3.352226614952087402e-01 3.475286662578582764e-01
8.560400009155273438e+01 8.410800099372863770e+01 3.310496807098388672e-01 3.607209026813507080e-01
8.584799766540527344e+01 8.330000042915344238e+01 3.279917538166046143e-01 3.745403885841369629e-01
8.589199781417846680e+01 8.440799713134765625e+01 3.259751200675964355e-01 3.531134724617004395e-01
8.593999743461608887e+01 8.432000279426574707e+01 3.240354061126708984e-01 3.528326153755187988e-01
8.609600067138671875e+01 8.488000035285949707e+01 3.196056187152862549e-01 3.415831625461578369e-01
8.609200119972229004e+01 8.435599803924560547e+01 3.190408647060394287e-01 3.501289784908294678e-01
8.653600215911865234e+01 8.036800026893615723e+01 3.167800009250640869e-01 4.375521540641784668e-01
8.654000163078308105e+01 7.556800246238708496e+01 3.145271241664886475e-01 5.540739297866821289e-01
8.667600154876708984e+01 8.424800038337707520e+01 3.119142949581146240e-01 3.551778197288513184e-01
8.680400252342224121e+01 8.358399868011474609e+01 3.073107302188873291e-01 3.668257296085357666e-01
8.688399791717529297e+01 8.199599981307983398e+01 3.078323900699615479e-01 4.013030529022216797e-01
8.708000183105468750e+01 8.511199951171875000e+01 3.028450906276702881e-01 3.374922573566436768e-01
8.695600032806396484e+01 7.910799980163574219e+01 2.988664209842681885e-01 4.792732894420623779e-01
8.712000250816345215e+01 8.498799800872802734e+01 3.013397157192230225e-01 3.423173427581787109e-01
8.751999735832214355e+01 8.442400097846984863e+01 2.970269620418548584e-01 3.537560403347015381e-01
8.752800226211547852e+01 8.468800187110900879e+01 2.975699901580810547e-01 3.452161252498626709e-01
8.746399879455566406e+01 8.337200284004211426e+01 2.912893295288085938e-01 3.742412030696868896e-01
8.763999938964843750e+01 8.464400172233581543e+01 2.913478016853332520e-01 3.496620953083038330e-01
8.776000142097473145e+01 8.244799971580505371e+01 2.882342636585235596e-01 4.038872122764587402e-01
8.773199915885925293e+01 7.638800144195556641e+01 2.872493267059326172e-01 5.588142871856689453e-01
8.790000081062316895e+01 8.471999764442443848e+01 2.852431237697601318e-01 3.469450771808624268e-01
8.792399764060974121e+01 8.233199715614318848e+01 2.850664258003234863e-01 4.023707509040832520e-01
8.797600269317626953e+01 7.803999781608581543e+01 2.831884324550628662e-01 5.143065452575683594e-01
8.823999762535095215e+01 7.897599935531616211e+01 2.803055644035339355e-01 4.960965514183044434e-01
8.817999958992004395e+01 8.496000170707702637e+01 2.781995236873626709e-01 3.451854586601257324e-01
8.836799860000610352e+01 7.933200001716613770e+01 2.794196009635925293e-01 4.879175126552581787e-01
8.783599734306335449e+01 8.287600278854370117e+01 2.793421149253845215e-01 3.919883966445922852e-01
8.857600092887878418e+01 8.353199958801269531e+01 2.759387493133544922e-01 3.781021833419799805e-01
8.824399709701538086e+01 8.449599742889404297e+01 2.754282355308532715e-01 3.543114066123962402e-01
8.848800063133239746e+01 8.463600277900695801e+01 2.717066109180450439e-01 3.502393364906311035e-01
8.838800191879272461e+01 7.948799729347229004e+01 2.726644575595855713e-01 4.889463186264038086e-01
8.862400054931640625e+01 8.050400018692016602e+01 2.689543664455413818e-01 4.647679626941680908e-01
8.869199752807617188e+01 8.480799794197082520e+01 2.677624225616455078e-01 3.475904762744903564e-01
8.886399865150451660e+01 8.051599860191345215e+01 2.668272554874420166e-01 4.590002596378326416e-01
8.894799947738647461e+01 8.502799868583679199e+01 2.650415003299713135e-01 3.432027697563171387e-01
8.902400135993957520e+01 8.526399731636047363e+01 2.632684409618377686e-01 3.387109041213989258e-01
8.908799886703491211e+01 8.546800017356872559e+01 2.635185420513153076e-01 3.371429443359375000e-01
8.903200030326843262e+01 8.212000131607055664e+01 2.624345421791076660e-01 4.231078624725341797e-01
8.933600187301635742e+01 8.316799998283386230e+01 2.574695646762847900e-01 3.971789777278900146e-01
8.923599720001220703e+01 8.506399989128112793e+01 2.609325051307678223e-01 3.424051702022552490e-01
8.941599726676940918e+01 8.410000205039978027e+01 2.562619149684906006e-01 3.689309358596801758e-01
8.917199969291687012e+01 8.216000199317932129e+01 2.563574910163879395e-01 4.204662442207336426e-01
8.939999938011169434e+01 8.253999948501586914e+01 2.551740705966949463e-01 4.148096740245819092e-01
8.971999883651733398e+01 8.241199851036071777e+01 2.505706548690795898e-01 4.247192144393920898e-01
8.943200111389160156e+01 8.515599966049194336e+01 2.539128661155700684e-01 3.417594134807586670e-01
8.971999883651733398e+01 8.546400070190429688e+01 2.496212571859359741e-01 3.395217061042785645e-01
8.957599997520446777e+01 8.540800213813781738e+01 2.490253001451492310e-01 3.413539826869964600e-01
8.965200185775756836e+01 8.434000015258789062e+01 2.497371435165405273e-01 3.662471771240234375e-01
8.952400088310241699e+01 8.272399902343750000e+01 2.495098114013671875e-01 4.138776957988739014e-01
8.988000154495239258e+01 8.417199850082397461e+01 2.457997500896453857e-01 3.755529820919036865e-01
8.966000080108642578e+01 8.063200116157531738e+01 2.449302524328231812e-01 4.790389835834503174e-01
8.989999890327453613e+01 8.433600068092346191e+01 2.439683228731155396e-01 3.688840568065643311e-01
9.006800055503845215e+01 8.278399705886840820e+01 2.420177608728408813e-01 4.139367640018463135e-01
9.001600146293640137e+01 8.531600236892700195e+01 2.398940622806549072e-01 3.453519642353057861e-01
9.025999903678894043e+01 8.275200128555297852e+01 2.381450235843658447e-01 4.124182164669036865e-01
9.010400176048278809e+01 8.542400002479553223e+01 2.387651950120925903e-01 3.426300883293151855e-01
9.006000161170959473e+01 8.181200027465820312e+01 2.395093739032745361e-01 4.414919018745422363e-01
9.006000161170959473e+01 8.529599905014038086e+01 2.380443811416625977e-01 3.456081151962280273e-01
9.032800197601318359e+01 8.528400063514709473e+01 2.369087934494018555e-01 3.497342169284820557e-01
9.023200273513793945e+01 8.527200222015380859e+01 2.340429127216339111e-01 3.480069041252136230e-01
9.016799926757812500e+01 8.450800180435180664e+01 2.332505285739898682e-01 3.661342263221740723e-01
9.048799872398376465e+01 8.537200093269348145e+01 2.312552183866500854e-01 3.470277786254882812e-01
9.067599773406982422e+01 8.260400295257568359e+01 2.307679951190948486e-01 4.230232834815979004e-01
9.040399789810180664e+01 8.519600033760070801e+01 2.289546281099319458e-01 3.543756306171417236e-01
9.051600098609924316e+01 8.406000137329101562e+01 2.318245470523834229e-01 3.810565173625946045e-01
9.045600295066833496e+01 8.348000049591064453e+01 2.304796874523162842e-01 3.986267149448394775e-01
9.055600166320800781e+01 8.441600203514099121e+01 2.271118760108947754e-01 3.779974877834320068e-01
9.057999849319458008e+01 8.525199890136718750e+01 2.260446697473526001e-01 3.510068655014038086e-01
9.090399742126464844e+01 8.113999962806701660e+01 2.262623012065887451e-01 4.749102294445037842e-01
9.081199765205383301e+01 8.475999832153320312e+01 2.254304885864257812e-01 3.637815117835998535e-01
9.092800021171569824e+01 8.486800193786621094e+01 2.241365611553192139e-01 3.606887459754943848e-01
9.092800021171569824e+01 8.518800139427185059e+01 2.239059358835220337e-01 3.543894886970520020e-01
9.105600118637084961e+01 7.829200029373168945e+01 2.198602408170700073e-01 5.808588862419128418e-01
9.104800224304199219e+01 8.533200025558471680e+01 2.222590595483779907e-01 3.539729416370391846e-01
9.096000194549560547e+01 8.524399995803833008e+01 2.177952378988265991e-01 3.521960079669952393e-01
9.096800088882446289e+01 8.235200047492980957e+01 2.184460908174514771e-01 4.466868638992309570e-01
9.147199988365173340e+01 8.287199735641479492e+01 2.147387117147445679e-01 4.286958277225494385e-01
9.106400012969970703e+01 8.433200120925903320e+01 2.159876227378845215e-01 3.857478499412536621e-01
9.104400277137756348e+01 8.520799875259399414e+01 2.164387255907058716e-01 3.547003269195556641e-01
9.123200178146362305e+01 8.363199830055236816e+01 2.153452783823013306e-01 4.078850448131561279e-01
9.110800027847290039e+01 8.331199884414672852e+01 2.140352874994277954e-01 4.156619012355804443e-01
9.150000214576721191e+01 8.422399759292602539e+01 2.115399390459060669e-01 3.891039490699768066e-01
9.126799702644348145e+01 8.510000109672546387e+01 2.154017388820648193e-01 3.604669570922851562e-01
9.127200245857238770e+01 8.432800173759460449e+01 2.134087532758712769e-01 3.858202993869781494e-01
9.137600064277648926e+01 8.476799726486206055e+01 2.110324203968048096e-01 3.719844520092010498e-01
9.144799709320068359e+01 8.183199763298034668e+01 2.087887674570083618e-01 4.674652218818664551e-01
9.154000282287597656e+01 8.444799780845642090e+01 2.076072841882705688e-01 3.881777822971343994e-01
9.169200062751770020e+01 8.448399901390075684e+01 2.067671120166778564e-01 3.845609128475189209e-01
9.149600267410278320e+01 8.503599762916564941e+01 2.072622030973434448e-01 3.691476285457611084e-01
9.153199791908264160e+01 8.432400226593017578e+01 2.084156572818756104e-01 3.915341496467590332e-01
9.150400161743164062e+01 8.295999765396118164e+01 2.069089114665985107e-01 4.343507289886474609e-01
9.178000092506408691e+01 8.392800092697143555e+01 2.025271654129028320e-01 4.081065654754638672e-01
9.190800189971923828e+01 8.076000213623046875e+01 2.042330056428909302e-01 5.090947151184082031e-01
9.168800115585327148e+01 8.396400213241577148e+01 2.033960670232772827e-01 4.011130332946777344e-01
9.187999963760375977e+01 8.511199951171875000e+01 2.002187371253967285e-01 3.661861419677734375e-01
9.180399775505065918e+01 8.506399989128112793e+01 2.022223025560379028e-01 3.655242323875427246e-01
9.167600274085998535e+01 8.488799929618835449e+01 2.035870850086212158e-01 3.745603263378143311e-01
9.198399782180786133e+01 8.474799990653991699e+01 1.993580013513565063e-01 3.767225742340087891e-01
9.189599752426147461e+01 8.247600197792053223e+01 2.010752558708190918e-01 4.547884464263916016e-01
9.193599820137023926e+01 8.504800200462341309e+01 1.959305405616760254e-01 3.748920261859893799e-01
9.185600280761718750e+01 8.398799896240234375e+01 1.986452341079711914e-01 4.124193787574768066e-01
9.209200143814086914e+01 8.508800268173217773e+01 1.926025152206420898e-01 3.777244389057159424e-01
9.185199737548828125e+01 7.949600219726562500e+01 1.991361677646636963e-01 5.652163028717041016e-01
9.204400181770324707e+01 8.514400124549865723e+01 1.946614980697631836e-01 3.738268613815307617e-01
9.219200015068054199e+01 8.509600162506103516e+01 1.945224851369857788e-01 3.738009333610534668e-01
9.223200082778930664e+01 8.141599893569946289e+01 1.905647218227386475e-01 4.985742270946502686e-01
9.207599759101867676e+01 8.212400078773498535e+01 1.941986978054046631e-01 4.729206562042236328e-01
9.225599765777587891e+01 8.506000041961669922e+01 1.913875937461853027e-01 3.709055781364440918e-01
9.231600165367126465e+01 8.462399840354919434e+01 1.918558627367019653e-01 3.875035047531127930e-01
9.262800216674804688e+01 8.440399765968322754e+01 1.883897036314010620e-01 3.995228111743927002e-01
9.243999719619750977e+01 8.345199823379516602e+01 1.889867931604385376e-01 4.285115599632263184e-01
9.222000241279602051e+01 8.463600277900695801e+01 1.883928924798965454e-01 3.877961039543151855e-01
9.235600233078002930e+01 8.482800126075744629e+01 1.903170347213745117e-01 3.871961832046508789e-01
9.259999990463256836e+01 8.465600013732910156e+01 1.859597414731979370e-01 3.971881270408630371e-01
9.253200292587280273e+01 8.496000170707702637e+01 1.866360157728195190e-01 3.843864202499389648e-01
9.277999997138977051e+01 8.461999893188476562e+01 1.833128482103347778e-01 4.010826647281646729e-01
9.252799749374389648e+01 8.431599736213684082e+01 1.838699430227279663e-01 4.071765542030334473e-01
9.247199892997741699e+01 8.461599946022033691e+01 1.872076690196990967e-01 3.999365270137786865e-01
9.265999794006347656e+01 8.289600014686584473e+01 1.807345896959304810e-01 4.523571133613586426e-01
9.268400073051452637e+01 8.502399921417236328e+01 1.825139969587326050e-01 3.865591883659362793e-01
