3.323999786376953125e+01 3.560000228881835938e+01 1.806520989179611236e+00 1.721069778203964340e+00
4.186399841308593750e+01 4.243000030517578125e+01 1.602536931991577207e+00 1.688632491827011028e+00
4.650400161743164062e+01 4.872999954223632812e+01 1.490429724931716882e+00 1.408638566732406616e+00
4.971199798583984375e+01 5.577999877929687500e+01 1.399602044820785540e+00 1.231530475020408577e+00
5.272999954223632812e+01 5.594000244140625000e+01 1.325859365940093904e+00 1.258507299423217818e+00
5.436199951171875000e+01 5.935999679565429688e+01 1.278337607860565273e+00 1.147733684778213581e+00
5.667200088500976562e+01 6.021999740600585938e+01 1.228805042266845726e+00 1.138580939173698514e+00
5.779600143432617188e+01 6.187000274658203125e+01 1.188694380283355612e+00 1.080871857404708924e+00
5.914599990844726562e+01 6.197000122070312500e+01 1.158840687632560762e+00 1.076343843936920175e+00
6.053400039672851562e+01 6.258000183105468750e+01 1.122000270962715041e+00 1.075421922802925145e+00
6.123399734497070312e+01 6.229000091552734375e+01 1.100099238038062976e+00 1.066363000869750888e+00
6.220999908447265625e+01 6.409000396728515625e+01 1.075595153689384409e+00 1.007324074506759537e+00
6.276199722290039062e+01 6.341999816894531250e+01 1.056881764650344779e+00 1.051438816189765868e+00
6.364599990844726562e+01 6.495000457763671875e+01 1.031916198134422258e+00 9.973616981506348012e-01
6.446199798583984375e+01 6.639999389648437500e+01 1.016141246318817082e+00 9.728753006458282782e-01
6.533399963378906250e+01 6.815999603271484375e+01 9.908595303297043078e-01 9.076512074470519664e-01
6.587400054931640625e+01 6.348000335693359375e+01 9.726042329072952519e-01 1.091882317066192654e+00
6.655400085449218750e+01 6.833000183105468750e+01 9.538693459033965594e-01 9.309277606010436523e-01
6.672800445556640625e+01 6.901000213623046875e+01 9.433136639595032236e-01 9.015560948848724276e-01
6.738399505615234375e+01 6.813999938964843750e+01 9.296366564035415392e-01 9.194001907110214145e-01
6.819000244140625000e+01 6.619999694824218750e+01 9.149915854930877890e-01 1.020935637354850822e+00
6.804800415039062500e+01 6.704999542236328125e+01 9.094052327871322561e-01 9.788868319988250910e-01
6.872799682617187500e+01 6.983000183105468750e+01 8.887793370485306266e-01 8.855083918571472479e-01
6.901599884033203125e+01 6.583999633789062500e+01 8.876155687570571606e-01 1.035142840743064951e+00
6.969000244140625000e+01 6.856999969482421875e+01 8.712384928464889100e-01 9.350651085376739946e-01
6.994400024414062500e+01 7.088999938964843750e+01 8.627166566848755158e-01 8.449093294143676935e-01
7.001000213623046875e+01 7.002000427246093750e+01 8.563420416116714895e-01 9.002226668596268189e-01
7.050799560546875000e+01 7.050000000000000000e+01 8.473304836750030766e-01 9.042101538181305243e-01
7.070999908447265625e+01 6.997000122070312500e+01 8.371799584627152013e-01 9.010288721323013172e-01
7.109600067138671875e+01 7.116000366210937500e+01 8.303944149017333798e-01 8.418022072315216597e-01
7.123400115966796875e+01 6.875000000000000000e+01 8.234043797254562147e-01 9.278896933794021917e-01
7.183599853515625000e+01 7.013999938964843750e+01 8.144589356184005480e-01 8.924239790439605358e-01
7.182199859619140625e+01 7.018000030517578125e+01 8.116394488811492502e-01 9.080541443824767800e-01
7.191799926757812500e+01 7.054000091552734375e+01 8.023192793130874412e-01 8.690433216094970437e-01
7.207599639892578125e+01 7.113000488281250000e+01 7.956052975058555132e-01 8.473990005254745661e-01
7.254199981689453125e+01 7.177000427246093750e+01 7.875560992956160966e-01 8.378890985250473378e-01
7.283999633789062500e+01 6.930999755859375000e+01 7.762582980990410109e-01 9.437759923934936346e-01
7.261800384521484375e+01 7.307999420166015625e+01 7.758406847715377808e-01 8.106793314218521118e-01
7.317600250244140625e+01 7.281999969482421875e+01 7.684710303544998178e-01 8.178709501028060824e-01
7.331399536132812500e+01 7.247999572753906250e+01 7.636876136660576408e-01 8.108033114671706620e-01
7.358000183105468750e+01 7.237999725341796875e+01 7.523015641570091061e-01 8.271440553665161399e-01
7.358399963378906250e+01 7.250999450683593750e+01 7.498746541738510185e-01 8.381715905666351496e-01
7.387999725341796875e+01 7.347000122070312500e+01 7.442212982773780405e-01 8.020989668369292724e-01
7.403600311279296875e+01 7.370999908447265625e+01 7.426482871174812095e-01 7.978152960538864580e-01
7.424200439453125000e+01 7.186000061035156250e+01 7.334518395066261798e-01 8.880569380521774470e-01
7.475399780273437500e+01 7.281999969482421875e+01 7.254680355787277435e-01 8.215461981296539040e-01
7.485200500488281250e+01 7.434999847412109375e+01 7.197224375605583147e-01 7.696211522817612005e-01
7.504600524902343750e+01 7.268000030517578125e+01 7.150832487344741528e-01 8.631630569696426836e-01
7.517799377441406250e+01 7.262999725341796875e+01 7.131367190480232265e-01 8.449468117952346757e-01
7.526999664306640625e+01 7.295999908447265625e+01 7.069840606451034404e-01 8.259275525808333906e-01
7.570999908447265625e+01 7.372999572753906250e+01 6.969563171267509905e-01 7.985971885919570523e-01
7.582399749755859375e+01 7.481999969482421875e+01 6.944980127215385490e-01 8.245191112160682456e-01
7.570600128173828125e+01 7.451000213623046875e+01 6.918350198268889972e-01 8.195413196086883678e-01
7.583600616455078125e+01 7.337999725341796875e+01 6.903309825658797694e-01 9.135180735588073198e-01
7.571799468994140625e+01 7.418000030517578125e+01 6.930687184929847922e-01 8.503292089700699163e-01
7.634400177001953125e+01 7.476000213623046875e+01 6.780930177569389761e-01 7.493576723337173062e-01
7.666400146484375000e+01 7.307999420166015625e+01 6.676591207981109610e-01 9.024710863828658836e-01
7.642400360107421875e+01 7.544999694824218750e+01 6.708993343114852959e-01 7.714214932918548318e-01
7.626799774169921875e+01 7.358999633789062500e+01 6.669632305502891656e-01 8.434086892008781922e-01
7.681600189208984375e+01 7.522000122070312500e+01 6.588344615697860895e-01 7.780785444378852667e-01
7.700399780273437500e+01 7.375000000000000000e+01 6.537041025161742791e-01 8.264609888195991738e-01
7.679599761962890625e+01 7.511000061035156250e+01 6.562847448587417754e-01 7.985098266601562411e-01
7.704199981689453125e+01 7.500000000000000000e+01 6.564791060686111512e-01 7.531138908863067583e-01
7.684799957275390625e+01 7.590000152587890625e+01 6.564624994993210061e-01 7.624410754442214611e-01
7.728800201416015625e+01 7.461000061035156250e+01 6.428778653740883087e-01 1.040009301602840441e+00
7.728000640869140625e+01 7.570000457763671875e+01 6.474758349061012774e-01 1.079951042532920846e+00
7.777600097656250000e+01 7.422999572753906250e+01 6.321042290925980023e-01 8.191164609789848283e-01
7.770199584960937500e+01 7.466999816894531250e+01 6.396686992049217535e-01 8.084618428349494845e-01
7.799599456787109375e+01 7.577999877929687500e+01 6.261865716576576757e-01 7.541666954755783525e-01
7.779599761962890625e+01 7.547000122070312500e+01 6.270950197577476182e-01 7.810521075129508439e-01
7.819999694824218750e+01 7.545999908447265625e+01 6.205384197831154136e-01 7.562832039594650224e-01
7.824199676513671875e+01 7.538999938964843750e+01 6.204004944562911961e-01 7.995805940032005843e-01
7.818800354003906250e+01 7.534999847412109375e+01 6.194866439700126293e-01 1.175718710720539129e+00
7.847800445556640625e+01 7.544000244140625000e+01 6.147234979867934879e-01 7.742108771204948559e-01
7.861199951171875000e+01 7.365000152587890625e+01 6.134458267688751576e-01 9.208831524848938299e-01
7.888200378417968750e+01 7.569000244140625000e+01 6.016728661656379762e-01 7.580191653966903420e-01
7.890200042724609375e+01 7.687000274658203125e+01 6.035685886144638301e-01 7.125808018445968228e-01
7.904199981689453125e+01 7.462999725341796875e+01 5.950619062781333790e-01 8.489840564131736489e-01
7.920600128173828125e+01 7.622000122070312500e+01 5.874996812939643487e-01 7.440611815452575772e-01
7.937200164794921875e+01 7.509999847412109375e+01 5.894190489649772102e-01 7.797758230566977922e-01
7.933599853515625000e+01 7.602000427246093750e+01 5.880056056380271734e-01 8.399877044558524686e-01
7.922999572753906250e+01 7.518000030517578125e+01 5.971608442068100375e-01 8.528978219628333690e-01
7.944999694824218750e+01 7.519999694824218750e+01 5.834706920981407308e-01 7.838350299000740318e-01
7.958999633789062500e+01 7.652999877929687500e+01 5.859031230211257935e-01 8.663432735204696922e-01
7.982399749755859375e+01 7.740000152587890625e+01 5.774728389680385821e-01 1.218414447009563473e+00
7.964399719238281250e+01 7.681999969482421875e+01 5.781841132640838099e-01 7.740866860747337430e-01
7.956399536132812500e+01 7.623999786376953125e+01 5.824989432096481234e-01 7.564847925305366871e-01
7.977799987792968750e+01 7.673000335693359375e+01 5.784965853095054289e-01 7.341120591759682235e-01
8.015000152587890625e+01 7.581999969482421875e+01 5.682953706383705450e-01 7.869293209910392939e-01
7.993599700927734375e+01 7.602000427246093750e+01 5.744587536454200949e-01 7.621830037236213551e-01
7.996600341796875000e+01 7.644000244140625000e+01 5.654858264327049522e-01 7.444010213017463462e-01
8.022200012207031250e+01 7.572000122070312500e+01 5.683294696807861257e-01 7.974852555990219471e-01
8.056999969482421875e+01 7.562999725341796875e+01 5.556074004173279235e-01 7.667545217275619773e-01
8.070200347900390625e+01 7.787000274658203125e+01 5.478778873085975443e-01 7.253777968883514671e-01
7.876200103759765625e+01 7.519000244140625000e+01 6.124002746343613079e-01 7.960371759533881875e-01
8.015999603271484375e+01 7.736000061035156250e+01 5.670841848850249889e-01 7.272943225502968012e-01
8.083599853515625000e+01 7.813999938964843750e+01 5.439702202081679872e-01 6.917476660013198719e-01
8.078600311279296875e+01 7.559999847412109375e+01 5.484864038825034704e-01 7.776023086905479165e-01
8.088800048828125000e+01 7.708000183105468750e+01 5.441861848235129973e-01 7.450314205884933649e-01
8.126399993896484375e+01 7.741000366210937500e+01 5.342938514649867576e-01 7.331936970353126748e-01
